array([[[ -8.13750000e-04,  -5.89500000e-12,   2.22840000e-04,
          -1.22530000e-02,  -2.37180000e-02],
        [ -1.19140000e-03,   1.31520000e-10,   2.20190000e-04,
          -1.36950000e-02,  -2.36860000e-02],
        [ -8.19030000e-04,   1.31470000e-10,   2.17560000e-04,
          -1.36730000e-02,  -2.36540000e-02],
        ..., 
        [  1.06730000e-03,   2.15030000e-10,   2.24310000e-04,
          -2.87820000e-02,  -3.38010000e-02],
        [ -8.05780000e-04,   3.52500000e-10,   2.22930000e-04,
          -1.46100000e-02,  -1.81650000e-02],
        [ -8.03880000e-04,   3.80000000e-10,   2.21530000e-04,
          -2.77810000e-02,  -3.37780000e-02]],

       [[ -2.44400000e-03,  -7.03940000e-11,  -1.53120000e-02,
          -7.17520000e-03,  -1.72490000e-02],
        [ -2.44220000e-03,  -2.47330000e-11,   3.11350000e-04,
          -8.63580000e-03,  -1.72490000e-02],
        [ -2.44040000e-03,   3.00930000e-11,   3.09610000e-04,
          -8.63180000e-03,  -1.72480000e-02],
        ..., 
        [  2.06280000e-03,  -1.79300000e-10,   7.67630000e-05,
          -2.66970000e-04,   7.12320000e-03],
        [  2.06020000e-03,  -1.60680000e-10,   7.38990000e-05,
          -5.14530000e-03,  -8.49100000e-03],
        [  1.82670000e-04,  -1.37700000e-11,   7.10170000e-05,
           1.43900000e-02,   2.27690000e-02]],

       [[ -2.23620000e-03,   9.43080000e-11,   2.92730000e-04,
          -6.98670000e-03,  -1.31930000e-02],
        [ -2.98400000e-03,   8.51460000e-11,   2.92880000e-04,
          -8.47510000e-03,  -1.32250000e-02],
        [ -2.60680000e-03,   5.76550000e-11,   2.93030000e-04,
          -1.43580000e-02,  -1.32560000e-02],
        ..., 
        [  1.02280000e-03,   5.49590000e-11,   6.82900000e-04,
          -1.33130000e-02,  -2.04240000e-02],
        [  6.46500000e-04,  -1.84350000e-11,   6.79820000e-04,
          -2.06040000e-02,  -2.03820000e-02],
        [  1.39520000e-03,  -7.35020000e-11,   6.76730000e-04,
          -9.34100000e-03,  -2.03410000e-02]],

       ..., 
       [[  1.93660000e-03,   1.17680000e-11,   1.24510000e-03,
          -8.12950000e-03,  -4.97830000e-03],
        [  1.93380000e-03,  -6.52700000e-12,   1.24330000e-03,
          -5.67290000e-03,  -4.95690000e-03],
        [  2.68100000e-03,   1.21810000e-10,   1.24150000e-03,
          -1.05400000e-02,  -2.05600000e-02],
        ..., 
        [ -5.03290000e-04,   1.22060000e-11,   6.08390000e-04,
          -9.32350000e-03,  -1.74960000e-02],
        [ -8.78690000e-04,  -7.94300000e-11,   6.08670000e-04,
          -2.00720000e-02,  -3.31320000e-02],
        [ -2.00410000e-03,  -7.02590000e-11,   6.08940000e-04,
          -1.91020000e-02,  -3.31430000e-02]],

       [[  3.45790000e-04,  -2.05430000e-10,   1.72160000e-03,
           1.01330000e-02,   1.22400000e-02],
        [  1.09760000e-03,  -1.32330000e-10,   1.71970000e-03,
           2.04020000e-02,   2.78880000e-02],
        [  7.24440000e-04,  -9.58920000e-11,   1.71780000e-03,
           1.06520000e-02,   1.22870000e-02],
        ..., 
        [ -3.06070000e-03,   1.95450000e-10,   7.32390000e-04,
           1.19870000e-02,   1.22460000e-02],
        [ -2.31640000e-03,   1.22500000e-10,   7.31850000e-04,
           1.00200000e-02,   1.22250000e-02],
        [ -1.94710000e-03,   2.20630000e-11,   7.31320000e-04,
           4.63440000e-03,   1.22040000e-02]],

       [[  2.76000000e-03,   5.78220000e-11,   1.71180000e-03,
          -5.78400000e-03,  -7.53030000e-03],
        [  2.76280000e-03,   1.21760000e-10,   1.71050000e-03,
          -9.17940000e-03,  -7.50080000e-03],
        [  2.39060000e-03,  -3.42450000e-11,   1.70930000e-03,
          -2.72230000e-02,  -3.87210000e-02],
        ..., 
        [ -1.60110000e-03,   8.80110000e-11,   2.03830000e-04,
          -9.61660000e-05,   8.97340000e-04],
        [ -1.23230000e-03,   1.15740000e-10,   2.01300000e-04,
          -5.96290000e-03,  -1.47330000e-02],
        [ -2.36350000e-03,  -1.03970000e-10,   1.98770000e-04,
           1.25840000e-02,   1.65120000e-02]]])
