array([[[  6.94630000e-03,  -6.02370000e-10,  -3.14870000e-03,
           3.17390000e-03,   6.09030000e-03],
        [  5.09160000e-03,  -1.07080000e-09,  -3.15750000e-03,
          -2.19400000e-03,  -9.53400000e-03],
        [  6.98680000e-03,  -1.20940000e-09,  -3.16610000e-03,
          -2.70930000e-02,  -4.07830000e-02],
        ..., 
        [  9.12060000e-04,  -5.29400000e-10,  -4.81160000e-03,
          -4.51600000e-02,  -5.80480000e-02],
        [  1.27950000e-03,   2.49670000e-10,  -4.81770000e-03,
           7.52130000e-03,   4.38550000e-03],
        [ -2.28080000e-04,   3.59740000e-10,  -4.82390000e-03,
          -9.40930000e-02,  -1.20680000e-01]],

       [[  4.98900000e-03,   2.82880000e-10,   9.03990000e-03,
          -1.93020000e-02,  -2.74900000e-02],
        [  3.11050000e-03,  -6.06540000e-10,   9.03590000e-03,
          -1.73290000e-02,  -2.74640000e-02],
        [  2.35710000e-03,  -9.73600000e-10,  -6.59290000e-03,
          -4.02580000e-02,  -5.86890000e-02],
        ..., 
        [ -3.90290000e-03,   3.05150000e-10,  -6.64690000e-03,
          -3.22530000e-02,  -4.04970000e-02],
        [ -1.36400000e-04,   4.88080000e-10,  -6.65330000e-03,
          -4.30850000e-02,  -5.62410000e-02],
        [ -1.99480000e-03,   7.90150000e-10,  -6.65980000e-03,
          -3.38990000e-02,  -4.07360000e-02]],

       [[  1.71490000e-03,   1.20880000e-09,   1.24780000e-02,
          -1.69650000e-02,  -2.98990000e-02],
        [  2.84710000e-03,   5.56150000e-10,   1.24750000e-02,
          -2.95810000e-02,  -4.54180000e-02],
        [  4.35420000e-03,   3.43360000e-10,   1.24720000e-02,
          -6.36810000e-02,  -9.21880000e-02],
        ..., 
        [  2.63910000e-03,   6.19020000e-10,   7.54470000e-03,
          -4.10160000e-02,  -5.45900000e-02],
        [  1.89800000e-03,   1.43140000e-10,   7.52450000e-03,
          -4.94260000e-02,  -7.03630000e-02],
        [ -3.43070000e-04,   5.83680000e-10,   7.50420000e-03,
          -3.63790000e-03,  -8.01240000e-03]],

       ..., 
       [[  1.75340000e-03,   1.41840000e-10,   1.12540000e-02,
           1.07550000e-02,   1.32650000e-02],
        [ -1.17570000e-04,  -5.92400000e-10,  -4.39090000e-03,
           9.27240000e-03,   1.32360000e-02],
        [  2.61390000e-04,  -6.66820000e-10,  -4.41120000e-03,
          -2.68770000e-02,  -3.36670000e-02],
        ..., 
        [  6.44610000e-04,   4.15330000e-10,  -4.84750000e-03,
          -2.41780000e-02,  -3.69950000e-02],
        [ -8.60770000e-04,   7.64660000e-10,  -4.82030000e-03,
          -8.26870000e-02,  -9.93730000e-02],
        [  1.38380000e-03,   1.41640000e-09,  -4.79300000e-03,
          -3.47530000e-02,  -5.23780000e-02]],

       [[  6.08790000e-03,   2.31160000e-10,   8.49010000e-03,
          -9.41770000e-02,  -1.25720000e-01],
        [  7.58640000e-03,   7.62360000e-10,   8.49950000e-03,
          -9.07010000e-02,  -1.10010000e-01],
        [  6.08490000e-03,  -3.37690000e-10,  -7.11590000e-03,
          -2.91200000e-02,  -4.74320000e-02],
        ..., 
        [ -2.28140000e-03,  -1.97920000e-10,  -6.87500000e-03,
           4.97550000e-02,   6.57220000e-02],
        [ -2.28550000e-03,  -1.97950000e-10,  -6.87560000e-03,
           4.97780000e-02,   6.57540000e-02],
        [ -2.28970000e-03,  -8.30310000e-10,  -6.87610000e-03,
           3.32000000e-02,   5.01600000e-02]],

       [[  7.05350000e-03,  -1.49580000e-11,  -5.29730000e-03,
          -4.77660000e-03,  -2.32890000e-03],
        [  1.79120000e-03,  -2.35400000e-10,  -5.31000000e-03,
           9.83920000e-03,   1.32450000e-02],
        [  6.53860000e-04,  -1.16760000e-10,  -5.32280000e-03,
          -2.38840000e-02,  -3.36800000e-02],
        ..., 
        [ -6.47930000e-04,  -8.57880000e-12,  -6.34420000e-03,
          -8.38540000e-03,  -1.60730000e-02],
        [ -6.34540000e-04,  -8.07070000e-12,  -6.32590000e-03,
          -8.27460000e-03,  -1.59150000e-02],
        [ -2.12110000e-03,   1.03720000e-09,  -6.30750000e-03,
          -3.76900000e-03,  -1.31910000e-04]]])
