array([[[  1.68070000e-03,   3.69480000e-11,  -1.58410000e-03,
          -1.49700000e-03,   5.57320000e-04],
        [  1.75480000e-04,   1.09980000e-10,  -1.58170000e-03,
          -4.72370000e-04,   6.03970000e-04],
        [  5.45230000e-04,   1.00550000e-10,  -1.57920000e-03,
          -4.24630000e-04,   6.50220000e-04],
        ..., 
        [  5.52220000e-04,  -2.71400000e-10,  -1.48300000e-03,
           1.96760000e-02,   1.84140000e-02],
        [  5.49400000e-04,  -2.71740000e-10,  -1.48930000e-03,
           1.97420000e-02,   1.84800000e-02],
        [  5.46570000e-04,  -1.62120000e-10,  -1.49570000e-03,
           1.54150000e-02,   1.85450000e-02]],

       [[ -2.50420000e-04,  -3.15520000e-11,  -1.26390000e-03,
          -6.46310000e-03,  -4.05710000e-03],
        [  1.19220000e-04,  -1.23620000e-10,  -1.26200000e-03,
           4.33760000e-03,   1.16280000e-02],
        [ -2.61090000e-04,   4.24830000e-12,  -1.26010000e-03,
          -7.32280000e-03,  -3.93600000e-03],
        ..., 
        [ -1.64120000e-03,  -6.89410000e-11,  -7.93500000e-04,
          -4.97320000e-03,  -1.27850000e-02],
        [ -1.26760000e-03,  -1.79130000e-10,  -7.98220000e-04,
           1.31590000e-02,   1.85260000e-02],
        [ -1.26900000e-03,  -1.79350000e-10,  -8.02980000e-04,
           1.32250000e-02,   1.85890000e-02]],

       [[  5.70630000e-04,  -2.15110000e-11,  -1.50620000e-03,
          -3.51060000e-02,  -4.03610000e-02],
        [ -1.85210000e-04,  -1.50050000e-10,  -1.50600000e-03,
          -9.14940000e-03,  -9.03570000e-03],
        [  1.83970000e-04,   1.70470000e-10,   1.41190000e-02,
           5.57600000e-03,   6.66470000e-03],
        ..., 
        [ -1.72290000e-03,  -6.87650000e-11,  -2.03230000e-03,
          -8.68010000e-03,  -1.00260000e-02],
        [ -1.34900000e-03,  -8.75970000e-11,  -2.03790000e-03,
          -1.49590000e-02,  -9.96030000e-03],
        [ -1.72520000e-03,  -3.31180000e-11,  -2.04350000e-03,
           3.66400000e-03,   5.73100000e-03]],

       ..., 
       [[ -1.59090000e-03,  -8.38380000e-11,  -3.01210000e-03,
           1.19240000e-02,   4.67260000e-03],
        [ -4.65870000e-04,  -2.86840000e-11,  -3.02800000e-03,
           5.54310000e-03,   4.64100000e-03],
        [  2.84170000e-04,  -2.85180000e-11,  -3.04400000e-03,
           1.38570000e-04,   4.60970000e-03],
        ..., 
        [  2.46680000e-04,   1.58630000e-11,  -2.09240000e-03,
          -2.46300000e-02,  -2.60290000e-02],
        [  6.29650000e-04,  -1.85500000e-10,  -2.07970000e-03,
          -3.67640000e-03,  -1.04470000e-02],
        [ -8.62320000e-04,  -2.03570000e-10,  -2.06690000e-03,
           1.82540000e-02,   2.07590000e-02]],

       [[ -7.02040000e-04,   1.09580000e-11,   1.29940000e-02,
          -2.79110000e-02,  -2.71580000e-02],
        [ -1.82730000e-03,  -7.00920000e-12,  -2.63660000e-03,
          -3.47710000e-02,  -2.71790000e-02],
        [ -7.02670000e-04,   2.08430000e-11,   1.29830000e-02,
          -2.25880000e-02,  -2.71990000e-02],
        ..., 
        [ -1.10070000e-03,  -1.09900000e-10,  -4.10470000e-03,
          -8.09210000e-03,  -7.02150000e-03],
        [  4.04790000e-04,   3.68370000e-11,  -4.10870000e-03,
          -1.00860000e-02,  -7.06600000e-03],
        [ -3.39690000e-04,   1.10260000e-10,  -4.11260000e-03,
          -9.63870000e-03,  -7.11080000e-03]],

       [[ -2.00040000e-03,   1.17600000e-10,  -1.64390000e-03,
          -1.54960000e-02,  -1.31790000e-02],
        [ -8.72820000e-04,  -6.55470000e-11,  -1.65640000e-03,
          -7.72980000e-03,  -1.32160000e-02],
        [ -1.62020000e-03,   7.90320000e-12,  -1.66890000e-03,
          -1.65650000e-02,  -1.32530000e-02],
        ..., 
        [ -6.49010000e-04,   6.74150000e-11,  -1.08030000e-03,
           1.43230000e-02,   9.98890000e-03],
        [ -2.69800000e-04,  -1.52220000e-10,  -1.07200000e-03,
           2.30990000e-02,   2.55930000e-02],
        [ -1.39050000e-03,   6.80320000e-11,  -1.06360000e-03,
           3.57820000e-02,   4.11960000e-02]]])
