array([[[  2.64920000e-03,  -9.45760000e-11,   1.24660000e-02,
           6.10990000e-03,   9.46150000e-03],
        [  3.00990000e-03,  -1.18080000e-11,   1.24370000e-02,
           2.55770000e-03,   9.24500000e-03],
        [  1.87080000e-03,   1.59740000e-11,   1.24080000e-02,
           1.93590000e-03,   9.02980000e-03],
        ..., 
        [ -1.49620000e-03,  -6.46920000e-11,  -6.42690000e-03,
           2.31990000e-03,   6.80540000e-03],
        [ -3.00600000e-03,  -1.01270000e-10,  -6.43690000e-03,
          -4.59510000e-03,  -8.95060000e-03],
        [ -3.01590000e-03,  -1.01190000e-10,  -6.44700000e-03,
          -4.67490000e-03,  -9.08300000e-03]],

       [[  9.93610000e-04,  -8.83300000e-11,   1.42520000e-02,
           1.32780000e-02,   1.84950000e-02],
        [ -1.26590000e-03,  -4.24370000e-11,  -1.42490000e-03,
           3.45220000e-03,   2.77440000e-03],
        [  2.24560000e-04,   3.09490000e-11,   1.41470000e-02,
          -6.37310000e-03,  -1.29460000e-02],
        ..., 
        [  7.96260000e-05,  -6.13790000e-12,  -5.42690000e-03,
           6.58150000e-03,   3.85070000e-03],
        [  8.21600000e-04,  -6.36340000e-12,  -5.42310000e-03,
           1.63110000e-02,   3.50440000e-02],
        [  8.13530000e-04,  -6.59000000e-12,  -5.41940000e-03,
           1.62740000e-02,   3.49880000e-02]],

       [[  3.04090000e-03,  -7.72490000e-11,   1.28740000e-02,
           1.29970000e-02,   2.12950000e-02],
        [  3.40730000e-03,  -7.69030000e-11,   1.28300000e-02,
           8.52660000e-03,   5.56260000e-03],
        [  3.02360000e-03,  -6.73950000e-11,   1.27860000e-02,
           6.98580000e-03,   5.45590000e-03],
        ..., 
        [ -2.00200000e-03,  -1.60520000e-10,  -7.57210000e-03,
          -3.06470000e-03,  -1.14830000e-02],
        [ -5.04450000e-04,   5.94680000e-11,   8.04060000e-03,
           3.70740000e-03,   4.06010000e-03],
        [ -5.06920000e-04,   5.95180000e-11,   8.02830000e-03,
           3.64310000e-03,   3.97770000e-03]],

       ..., 
       [[ -9.04440000e-04,   1.51870000e-11,  -2.08900000e-04,
           8.34270000e-03,   1.19950000e-02],
        [ -9.09630000e-04,   3.29660000e-11,  -2.05370000e-04,
          -5.19220000e-03,  -3.39730000e-03],
        [ -5.39800000e-04,  -4.23760000e-12,  -2.01860000e-04,
           8.02940000e-04,  -3.16660000e-03],
        ..., 
        [ -1.39740000e-03,  -6.07360000e-11,  -7.67220000e-04,
          -2.74330000e-03,  -9.03850000e-03],
        [  4.75840000e-04,  -2.72280000e-10,  -7.72670000e-04,
          -7.02920000e-03,  -8.86190000e-03],
        [  4.74130000e-04,   9.35130000e-11,  -7.78140000e-04,
           1.06580000e-02,   2.25650000e-02]],

       [[  1.80540000e-03,  -3.94020000e-11,  -2.30750000e-04,
           2.37760000e-03,   1.23300000e-02],
        [  1.02920000e-03,  -1.39750000e-10,  -2.25030000e-04,
           9.68390000e-04,  -3.20820000e-03],
        [  1.37820000e-03,  -4.76530000e-11,  -2.19320000e-04,
           2.00020000e-03,  -3.12180000e-03],
        ..., 
        [ -8.30080000e-04,   8.18390000e-11,  -3.95670000e-04,
           5.03660000e-03,   1.30570000e-02],
        [ -4.80530000e-04,   9.10580000e-11,   1.52240000e-02,
           1.04380000e-02,   1.31040000e-02],
        [  6.18860000e-04,  -5.55150000e-11,  -4.05630000e-04,
           4.60930000e-03,   1.31510000e-02]],

       [[  1.75860000e-04,  -2.46400000e-10,  -2.89900000e-04,
           3.14020000e-03,   1.95130000e-04],
        [  1.28940000e-03,   8.35730000e-11,  -2.82130000e-04,
           1.24800000e-02,   1.59230000e-02],
        [  1.27810000e-03,   3.78090000e-11,  -1.58990000e-02,
           1.20540000e-02,   1.60250000e-02],
        ..., 
        [ -1.40770000e-03,  -1.56130000e-11,   1.79710000e-04,
           6.14330000e-03,   1.01300000e-02],
        [ -2.81210000e-04,  -5.26130000e-11,   1.85070000e-04,
           5.73990000e-03,   1.02780000e-02],
        [  8.45270000e-04,   2.95210000e-11,   1.90480000e-04,
           6.31360000e-03,   1.04270000e-02]]])
