array([[[ -5.49410000e-04,   7.58260000e-12,  -6.58990000e-19,
          -1.66540000e-03,   2.69000000e-03],
        [ -1.72770000e-04,  -1.56880000e-10,  -6.59840000e-19,
          -1.93940000e-02,  -1.30260000e-02],
        [ -5.46120000e-04,   6.35630000e-11,  -6.58570000e-19,
          -2.78440000e-02,  -1.31170000e-02],
        ..., 
        [ -8.08860000e-04,  -2.78720000e-10,  -6.92030000e-19,
           4.33640000e-04,  -1.37050000e-03],
        [ -8.09480000e-04,  -2.14460000e-10,  -6.92030000e-19,
          -8.52440000e-03,  -1.47110000e-03],
        [ -1.18510000e-03,  -2.23510000e-10,  -6.91180000e-19,
          -1.50420000e-02,  -1.57240000e-03]],

       [[  8.80710000e-04,  -1.79530000e-10,  -6.92030000e-19,
           3.23720000e-02,   1.78550000e-02],
        [  1.34380000e-04,  -1.39710000e-11,  -6.90330000e-19,
           1.81170000e-02,   2.17430000e-03],
        [  5.13000000e-04,  -2.69980000e-10,  -6.90760000e-19,
           1.70470000e-02,   2.11840000e-03],
        ..., 
        [ -7.18860000e-04,   3.08130000e-11,  -6.66610000e-19,
           1.88010000e-02,   1.56210000e-02],
        [ -3.36030000e-04,   9.54970000e-11,  -6.69160000e-19,
          -1.69010000e-02,  -1.56740000e-02],
        [ -7.03160000e-04,  -8.72510000e-11,  -6.65770000e-19,
          -8.17130000e-03,  -9.50550000e-05]],

       [[  8.78390000e-04,  -4.90750000e-11,  -6.72970000e-19,
          -1.34550000e-03,  -2.72350000e-03],
        [  8.80200000e-04,  -1.03500000e-10,  -6.74240000e-19,
           7.45700000e-03,  -2.71670000e-03],
        [  8.81990000e-04,  -1.48770000e-10,  -6.76780000e-19,
           1.62590000e-02,   1.29150000e-02],
        ..., 
        [ -1.30690000e-03,  -4.44430000e-10,  -6.80170000e-19,
          -2.15210000e-02,  -1.84800000e-02],
        [ -9.30700000e-04,  -2.69990000e-10,  -6.83560000e-19,
          -1.52100000e-02,  -2.87290000e-03],
        [ -1.79480000e-04,  -4.05740000e-11,  -6.82710000e-19,
           1.89330000e-02,   1.27340000e-02]],

       ..., 
       [[  7.48150000e-05,  -4.68580000e-11,  -6.87790000e-19,
          -4.83850000e-03,  -1.01020000e-02],
        [ -6.80050000e-04,  -1.38220000e-10,  -6.87790000e-19,
           9.31570000e-03,   5.51930000e-03],
        [ -6.84880000e-04,  -1.37940000e-10,  -6.91180000e-19,
           9.31010000e-03,   5.51620000e-03],
        ..., 
        [  7.23610000e-05,  -5.10620000e-11,  -6.58990000e-19,
          -2.24920000e-02,  -6.85760000e-03],
        [ -6.85240000e-04,   2.42360000e-10,  -6.65770000e-19,
           1.85110000e-02,   8.75050000e-03],
        [ -1.44290000e-03,   1.60050000e-10,  -6.65770000e-19,
           4.82690000e-03,   8.73380000e-03]],

       [[  5.07580000e-04,  -6.56300000e-11,  -6.86100000e-19,
           2.22880000e-02,   4.48070000e-03],
        [  1.29020000e-04,  -2.76280000e-10,  -6.86100000e-19,
           2.66880000e-02,   2.01180000e-02],
        [  1.25450000e-04,  -2.76160000e-10,  -6.87790000e-19,
           2.66920000e-02,   2.01310000e-02],
        ..., 
        [  4.61910000e-04,  -3.43720000e-10,  -6.67460000e-19,
          -1.37450000e-02,  -2.68720000e-03],
        [  4.64980000e-04,  -2.71120000e-10,  -6.72540000e-19,
          -6.88320000e-03,  -2.66610000e-03],
        [ -6.56930000e-04,  -1.61860000e-10,  -6.70850000e-19,
           4.37330000e-03,  -2.64490000e-03]],

       [[  4.16300000e-04,  -2.35020000e-10,  -6.81010000e-19,
           2.08730000e-02,   1.91230000e-02],
        [  4.08020000e-04,  -2.35050000e-10,  -6.81010000e-19,
           2.09900000e-02,   1.91830000e-02],
        [  3.99810000e-04,  -1.34280000e-10,  -6.84400000e-19,
           4.50490000e-03,   3.61790000e-03],
        ..., 
        [  6.49490000e-04,  -2.42070000e-10,  -6.86100000e-19,
          -4.23940000e-02,  -1.93680000e-02],
        [  2.65070000e-04,  -1.87740000e-10,  -6.89480000e-19,
          -3.59230000e-02,  -1.92970000e-02],
        [ -4.94410000e-04,   4.98860000e-11,  -6.89480000e-19,
          -1.72440000e-02,  -3.60140000e-03]]])
