array([[[  2.38120000e-03,  -1.11750000e-10,   1.32670000e-02,
           1.60590000e-02,   1.00680000e-02],
        [  1.63300000e-03,  -2.97560000e-11,   1.32800000e-02,
           1.60150000e-02,   1.00130000e-02],
        [  1.34790000e-04,  -1.40210000e-10,  -2.33190000e-03,
           1.01120000e-02,   9.95790000e-03],
        ..., 
        [  2.64930000e-04,   1.02560000e-10,  -7.93190000e-04,
          -1.73120000e-03,   2.74380000e-03],
        [  2.66890000e-04,   1.02380000e-10,  -7.87630000e-04,
          -1.81870000e-03,   2.63390000e-03],
        [ -4.81130000e-04,   1.48030000e-10,  -7.82020000e-04,
           1.51120000e-03,   2.52340000e-03]],

       [[  2.81580000e-04,  -1.11960000e-10,  -3.02470000e-03,
          -9.95790000e-03,  -5.94970000e-03],
        [  2.80640000e-04,  -1.11570000e-10,  -3.01390000e-03,
          -1.15050000e-03,  -5.92920000e-03],
        [  2.79700000e-04,  -2.02830000e-10,   1.26220000e-02,
           3.25590000e-02,   4.09650000e-02],
        ..., 
        [  4.18450000e-04,  -2.00720000e-10,  -1.56430000e-03,
           1.14840000e-02,   6.86580000e-03],
        [ -7.08340000e-04,  -8.11430000e-11,  -1.56650000e-03,
           1.44080000e-02,   2.24820000e-02],
        [ -7.10150000e-04,  -8.06950000e-11,  -1.56870000e-03,
           1.44030000e-02,   2.24740000e-02]],

       [[  1.53060000e-03,  -1.01150000e-10,  -1.70360000e-03,
           9.74850000e-03,   1.07250000e-02],
        [  7.77270000e-04,  -1.11000000e-10,  -1.71170000e-03,
           1.21590000e-02,   1.06820000e-02],
        [  1.14900000e-03,  -1.48330000e-10,  -1.71970000e-03,
           1.45700000e-02,   1.06400000e-02],
        ..., 
        [ -7.31630000e-04,  -3.34250000e-11,  -2.92640000e-03,
           8.99490000e-03,   1.61110000e-02],
        [ -1.10970000e-03,   1.22520000e-10,  -2.94480000e-03,
          -3.79420000e-04,   3.76130000e-04],
        [ -3.62810000e-04,  -7.89360000e-11,  -2.96330000e-03,
           1.12420000e-02,   1.58910000e-02]],

       ..., 
       [[ -1.97680000e-04,   2.93900000e-10,   1.80580000e-03,
          -1.08310000e-02,  -1.67740000e-02],
        [  5.53060000e-04,   4.50110000e-11,   1.79610000e-03,
           6.49420000e-03,   1.47680000e-02],
        [  1.67880000e-03,   6.90950000e-12,   1.78660000e-03,
           7.70530000e-03,   1.50600000e-02],
        ..., 
        [ -7.97130000e-04,  -6.15780000e-11,   2.18270000e-04,
           7.91510000e-03,   1.09500000e-02],
        [ -1.17570000e-03,  -1.63250000e-10,   2.14250000e-04,
           2.46780000e-02,   2.67840000e-02],
        [ -8.04280000e-04,  -1.64120000e-10,   2.10210000e-04,
          -6.16930000e-05,  -4.25540000e-03]],

       [[ -4.75560000e-04,  -9.54240000e-12,   1.36700000e-03,
          -2.56040000e-02,  -2.98300000e-02],
        [  1.02310000e-03,  -5.59450000e-11,   1.35680000e-03,
          -4.48730000e-03,   1.55290000e-03],
        [ -1.03200000e-04,   1.08430000e-10,   1.34670000e-03,
          -8.76170000e-03,  -1.39390000e-02],
        ..., 
        [ -1.65020000e-03,   2.46830000e-10,   2.54870000e-04,
          -1.31750000e-02,  -1.31310000e-02],
        [  2.23490000e-04,  -7.45460000e-11,   2.46150000e-04,
           2.05390000e-03,   2.58570000e-03],
        [  9.72140000e-04,  -6.60140000e-11,   2.37360000e-04,
           1.28880000e-02,   1.83030000e-02]],

       [[ -5.03790000e-04,   1.60110000e-11,  -1.37800000e-02,
          -1.26550000e-02,  -1.02490000e-02],
        [ -1.37810000e-04,  -2.16720000e-11,   1.82900000e-03,
           1.23940000e-02,   2.11730000e-02],
        [  6.03220000e-04,  -1.14340000e-10,   1.81370000e-03,
           7.65890000e-03,   5.71940000e-03],
        ..., 
        [ -1.16630000e-03,   2.40520000e-11,  -1.18570000e-04,
          -8.61460000e-03,  -8.20680000e-03],
        [ -4.86180000e-05,   7.85830000e-11,  -1.30390000e-04,
          -7.06160000e-03,  -8.10230000e-03],
        [ -5.59860000e-05,  -2.26810000e-11,  -1.42290000e-04,
          -1.18560000e-02,  -7.99710000e-03]]])
