array([[[ -1.09920000e-03,   7.46440000e-11,  -1.05380000e-02,
           2.79670000e-03,   1.25330000e-03],
        [  3.98000000e-04,   1.57130000e-10,  -1.05320000e-02,
          -3.49410000e-03,  -1.42740000e-02],
        [  3.95200000e-04,   1.57140000e-10,  -1.05270000e-02,
          -3.43770000e-03,  -1.41770000e-02],
        ..., 
        [ -1.06180000e-03,  -2.31570000e-11,  -8.77050000e-03,
          -3.31220000e-03,  -2.85790000e-03],
        [ -3.10930000e-04,  -1.41760000e-11,  -8.77410000e-03,
          -7.69010000e-03,  -1.84510000e-02],
        [ -1.81010000e-03,  -1.06000000e-10,  -8.77770000e-03,
           7.95150000e-03,   1.28300000e-02]],

       [[ -6.28280000e-04,  -5.60860000e-12,   5.06380000e-04,
          -1.37510000e-02,  -1.86570000e-02],
        [ -1.75760000e-03,  -8.81920000e-11,   5.03090000e-04,
          -8.31310000e-03,  -1.85440000e-02],
        [  1.23800000e-03,  -2.41450000e-11,   4.99810000e-04,
          -6.78150000e-03,  -1.84320000e-02],
        ..., 
        [ -4.46660000e-05,  -8.61070000e-11,  -2.55720000e-04,
           1.21390000e-03,   5.98760000e-03],
        [ -4.37430000e-05,   1.45350000e-11,  -2.57060000e-04,
          -1.14560000e-02,  -2.52120000e-02],
        [  1.45720000e-03,   5.20470000e-12,  -2.58420000e-04,
          -3.12990000e-03,  -9.53770000e-03]],

       [[  9.69450000e-04,  -6.56720000e-12,  -4.77070000e-04,
          -4.25790000e-02,  -7.17000000e-02],
        [ -1.54970000e-04,  -1.16710000e-10,  -4.79260000e-04,
          -3.47330000e-02,  -5.60200000e-02],
        [ -1.27940000e-03,   6.64010000e-11,  -4.81430000e-04,
          -1.02870000e-02,  -2.47150000e-02],
        ..., 
        [  1.06840000e-03,   4.11840000e-11,   2.48890000e-04,
          -4.12670000e-03,  -1.40850000e-02],
        [ -4.33960000e-04,   8.69610000e-11,   2.50360000e-04,
          -1.15960000e-03,   1.60980000e-03],
        [ -4.36280000e-04,  -1.38920000e-11,   2.51820000e-04,
           1.64560000e-02,   3.29300000e-02]],

       ..., 
       [[ -2.50030000e-04,   6.88480000e-11,   1.51270000e-03,
           1.86140000e-02,   3.75940000e-02],
        [  1.31500000e-04,  -4.36670000e-12,   1.50630000e-03,
           1.26020000e-02,   2.16990000e-02],
        [  8.87990000e-04,   3.07320000e-10,   1.50000000e-03,
          -1.22090000e-03,  -9.81920000e-03],
        ..., 
        [ -2.71680000e-03,   7.03460000e-11,   1.40390000e-04,
          -2.38890000e-02,  -4.04770000e-02],
        [ -3.09290000e-03,   2.16930000e-10,   1.33870000e-04,
          -5.86270000e-03,  -9.29310000e-03],
        [ -2.34400000e-03,   4.27560000e-11,   1.27320000e-04,
          -8.34440000e-03,  -9.35980000e-03]],

       [[  5.43850000e-03,   3.18600000e-11,   6.81130000e-04,
           9.46200000e-03,   2.07370000e-02],
        [  1.31940000e-03,   1.36460000e-11,   6.82670000e-04,
          -5.81190000e-03,  -1.07500000e-02],
        [  2.07510000e-03,   3.20890000e-11,   6.84220000e-04,
          -1.47370000e-02,  -2.66100000e-02],
        ..., 
        [ -1.36400000e-03,   1.11430000e-10,  -8.36120000e-04,
          -1.13990000e-02,  -2.16720000e-02],
        [  1.38020000e-04,   1.37960000e-12,  -8.50940000e-04,
          -3.48850000e-02,  -5.30100000e-02],
        [ -2.34890000e-04,   1.96340000e-11,  -8.65810000e-04,
          -2.41930000e-02,  -3.74760000e-02]],

       [[ -1.95590000e-03,   4.68170000e-11,   6.21930000e-04,
          -2.73780000e-03,  -1.06790000e-02],
        [ -8.15820000e-04,   1.00920000e-11,   6.23230000e-04,
          -1.11670000e-02,  -2.65270000e-02],
        [ -2.67570000e-03,   1.56650000e-10,   6.24540000e-04,
          -1.52010000e-02,  -2.67490000e-02],
        ..., 
        [  3.38110000e-03,  -6.40780000e-11,  -8.77180000e-05,
          -8.25760000e-03,  -1.70200000e-02],
        [  7.49330000e-04,   1.19300000e-10,  -1.00210000e-04,
          -3.46770000e-02,  -6.39870000e-02],
        [ -3.00740000e-03,   2.56860000e-10,  -1.12760000e-04,
          -2.30120000e-02,  -3.28310000e-02]]])
