array([[[ -1.00470000e-02,  -4.68790000e-10,  -3.94490000e-03,
           8.00200000e-02,  -1.83130000e-01],
        [ -9.52630000e-03,  -6.70110000e-10,  -3.88380000e-03,
           7.04950000e-02,  -1.96560000e-01],
        [ -9.00580000e-03,  -6.42340000e-10,  -3.82280000e-03,
           8.97800000e-02,  -1.63110000e-01],
        ..., 
        [ -2.96530000e-03,  -1.78270000e-10,  -2.32360000e-03,
           3.32160000e-02,  -4.48510000e-02],
        [ -3.01630000e-03,  -1.81490000e-10,  -2.36390000e-03,
           3.38160000e-02,  -4.56280000e-02],
        [ -3.06760000e-03,  -1.84720000e-10,  -2.40440000e-03,
           3.44190000e-02,  -4.64090000e-02]],

       [[  9.49220000e-04,   1.54420000e-10,  -1.93410000e-04,
          -3.39760000e-02,  -2.95210000e-02],
        [  9.52380000e-04,   1.53960000e-10,  -1.89720000e-04,
          -2.51670000e-02,  -2.95090000e-02],
        [  2.45550000e-03,   1.07680000e-10,  -1.86050000e-04,
          -2.02640000e-02,  -1.38730000e-02],
        ..., 
        [  1.03910000e-04,  -1.72130000e-10,   8.53960000e-04,
           6.41910000e-03,   7.69980000e-03],
        [ -2.73470000e-04,  -1.53200000e-10,   8.61640000e-04,
          -2.39320000e-03,  -7.96210000e-03],
        [ -6.50860000e-04,  -1.34280000e-10,   8.69350000e-04,
          -3.80610000e-02,  -3.92490000e-02]],

       [[ -4.23890000e-04,   2.73440000e-10,   4.34130000e-05,
          -2.86540000e-02,  -2.97260000e-02],
        [  3.29210000e-04,   1.65440000e-11,   4.20770000e-05,
          -5.01320000e-02,  -4.53590000e-02],
        [  1.08230000e-03,  -1.12450000e-11,   4.07560000e-05,
          -3.15720000e-02,  -2.97430000e-02],
        ..., 
        [  1.67790000e-04,  -2.23530000e-10,  -1.27240000e-04,
           2.64810000e-03,  -2.72150000e-03],
        [  5.41310000e-04,  -1.77420000e-10,  -1.30860000e-04,
          -1.74180000e-03,  -2.72410000e-03],
        [ -5.85140000e-04,  -7.63170000e-11,  -1.34500000e-04,
           1.09580000e-02,   1.28980000e-02]],

       ..., 
       [[  1.27750000e-03,  -2.28750000e-11,  -1.13610000e-13,
          -2.60810000e-02,  -2.76280000e-02],
        [  1.26840000e-03,   5.96130000e-11,  -1.13610000e-13,
          -3.15260000e-03,   3.60210000e-03],
        [  1.25940000e-03,   5.96220000e-11,  -1.13610000e-13,
          -3.17290000e-03,   3.58300000e-03],
        ..., 
        [ -2.11480000e-03,   2.27620000e-10,  -1.13610000e-13,
          -6.23830000e-03,   1.66880000e-04],
        [ -1.36120000e-03,   2.27480000e-10,  -1.13610000e-13,
          -1.45370000e-02,  -1.54500000e-02],
        [ -1.35750000e-03,   2.09010000e-10,  -1.13610000e-13,
          -1.35580000e-02,  -1.54420000e-02]],

       [[  1.88400000e-03,  -4.12070000e-11,  -1.13610000e-13,
           1.71470000e-02,   1.09260000e-02],
        [  2.25110000e-03,  -1.69450000e-10,  -1.13610000e-13,
           1.95970000e-02,   2.65630000e-02],
        [  2.24320000e-03,  -1.69390000e-10,  -1.13610000e-13,
           1.96050000e-02,   2.65750000e-02],
        ..., 
        [ -9.33670000e-04,  -6.11300000e-11,  -1.13610000e-13,
           6.23830000e-04,   2.95190000e-03],
        [ -9.31560000e-04,   1.31130000e-10,  -1.13610000e-13,
           8.92300000e-03,   2.95760000e-03],
        [ -5.54460000e-04,   8.51220000e-11,  -1.13610000e-13,
          -6.70320000e-03,  -1.26610000e-02]],

       [[ -6.22560000e-04,  -6.62210000e-11,  -1.13610000e-13,
           7.34710000e-03,   1.15310000e-02],
        [  8.67340000e-04,  -2.08190000e-12,  -1.13610000e-13,
           1.80860000e-02,   1.15350000e-02],
        [  8.57300000e-04,  -2.09320000e-12,  -1.13610000e-13,
           1.80820000e-02,   1.15400000e-02],
        ..., 
        [ -1.57890000e-03,   5.13940000e-11,  -1.13610000e-13,
           9.04100000e-03,   1.55430000e-02],
        [ -1.20160000e-03,  -3.12540000e-11,  -1.13610000e-13,
          -3.16190000e-03,  -7.72740000e-05],
        [ -4.49270000e-04,   2.43510000e-10,  -1.13610000e-13,
          -1.63410000e-02,  -1.56980000e-02]]])
