array([[[ -1.24530000e-03,   4.62960000e-11,   1.28040000e-03,
           7.12870000e-05,  -5.70690000e-03],
        [ -8.75300000e-04,   5.19170000e-13,   1.28100000e-03,
          -4.82010000e-03,  -5.71780000e-03],
        [ -1.25530000e-03,   5.63650000e-13,   1.28150000e-03,
           1.86080000e-02,   2.55210000e-02],
        ..., 
        [ -3.97590000e-04,  -8.93280000e-11,   7.96660000e-04,
           7.54550000e-03,   9.33140000e-03],
        [ -3.99630000e-04,   1.85740000e-10,   7.96930000e-04,
           2.21790000e-04,  -6.29380000e-03],
        [  3.48320000e-04,   1.21740000e-10,   7.97210000e-04,
           2.22180000e-04,  -6.29420000e-03]],

       [[  2.51950000e-04,  -7.58740000e-11,   1.04480000e-03,
          -2.58010000e-03,  -6.42450000e-03],
        [  9.95850000e-04,  -2.06690000e-11,   1.04630000e-03,
          -1.11330000e-03,  -6.42000000e-03],
        [  9.89780000e-04,  -1.67080000e-10,  -1.45770000e-02,
           4.25960000e-03,   9.20930000e-03],
        ..., 
        [ -1.78260000e-03,  -7.20090000e-11,   9.75260000e-04,
          -2.49990000e-03,  -1.06300000e-02],
        [ -1.03420000e-03,  -8.00810000e-12,   9.75690000e-04,
          -2.10720000e-02,  -2.62810000e-02],
        [  8.92660000e-05,   3.76640000e-11,   9.76140000e-04,
          -2.79260000e-02,  -4.19310000e-02]],

       [[  2.03070000e-04,   5.95070000e-12,   8.90730000e-04,
           6.79780000e-03,   6.39110000e-03],
        [  1.32620000e-03,  -8.55420000e-11,   8.94640000e-04,
          -1.99010000e-03,  -9.23270000e-03],
        [ -1.75660000e-04,  -8.53920000e-11,  -1.47260000e-02,
          -1.37080000e-02,  -2.48560000e-02],
        ..., 
        [  1.44620000e-03,  -7.85770000e-11,   7.34070000e-04,
          -1.46050000e-02,  -2.43380000e-02],
        [  3.15260000e-04,  -5.19100000e-12,   7.31870000e-04,
          -7.28940000e-03,  -8.72340000e-03],
        [  3.09260000e-04,  -1.60910000e-10,   7.29680000e-04,
           2.95590000e-03,   6.89160000e-03]],

       ..., 
       [[  1.95180000e-03,   9.21620000e-11,   5.37390000e-03,
          -5.30730000e-03,  -9.69200000e-03],
        [  3.45490000e-03,  -1.46030000e-10,   5.38050000e-03,
           9.36970000e-03,   5.97370000e-03],
        [  3.45800000e-03,   1.90060000e-11,   5.38720000e-03,
          -5.24980000e-03,  -9.61020000e-03],
        ..., 
        [ -7.14880000e-04,   1.40780000e-10,  -7.68510000e-03,
           1.71280000e-02,   2.75040000e-02],
        [ -7.15420000e-04,   7.64380000e-11,  -7.68960000e-03,
           1.80750000e-02,   2.74630000e-02],
        [ -7.15960000e-04,   7.62480000e-11,  -7.69410000e-03,
           1.80440000e-02,   2.74220000e-02]],

       [[  1.39940000e-03,  -8.52390000e-11,   5.00730000e-03,
          -7.38000000e-04,   4.53060000e-03],
        [  2.15300000e-03,  -6.69620000e-11,   5.01980000e-03,
           1.53970000e-02,   2.01830000e-02],
        [  2.15670000e-03,  -1.12840000e-10,   5.03230000e-03,
           2.22540000e-02,   3.58350000e-02],
        ..., 
        [ -1.30890000e-03,   1.54160000e-10,  -8.50660000e-03,
           2.00900000e-03,   2.98530000e-03],
        [ -9.35960000e-04,   2.91700000e-10,  -8.51810000e-03,
          -6.32800000e-03,  -1.26870000e-02],
        [ -9.38020000e-04,   2.91780000e-10,  -8.52960000e-03,
          -6.36450000e-03,  -1.27340000e-02]],

       [[  3.06090000e-03,  -3.62340000e-11,   6.09150000e-03,
           1.30670000e-02,   1.68230000e-02],
        [  3.06230000e-03,   6.45000000e-11,   6.09750000e-03,
           1.38480000e-03,   1.25000000e-03],
        [  2.68870000e-03,  -1.18860000e-10,   6.10360000e-03,
          -4.43820000e-03,   1.30140000e-03],
        ..., 
        [ -2.10280000e-03,  -5.73070000e-12,   7.16860000e-03,
          -1.01990000e-02,  -1.31760000e-02],
        [ -2.47710000e-03,   7.67350000e-11,  -8.46390000e-03,
          -1.26870000e-02,  -1.32410000e-02],
        [ -2.10150000e-03,   1.50040000e-10,   7.15310000e-03,
          -2.29870000e-02,  -2.89300000e-02]]])
