array([[[  6.71770000e-04,  -1.30300000e-10,   2.90570000e-04,
          -1.69760000e-02,  -2.65580000e-02],
        [  6.76680000e-04,  -1.76330000e-10,   2.92490000e-04,
          -8.69350000e-03,  -1.09520000e-02],
        [ -6.84050000e-05,  -2.22360000e-10,   2.94390000e-04,
           6.91330000e-03,   4.65370000e-03],
        ..., 
        [ -2.81150000e-03,   2.30030000e-10,   1.21850000e-03,
           5.07480000e-03,   2.30500000e-03],
        [ -2.43630000e-03,   2.11760000e-10,   1.22270000e-03,
           9.95640000e-03,   1.79250000e-02],
        [ -9.36150000e-04,   1.20170000e-10,   1.22690000e-03,
           1.16640000e-03,   2.29460000e-03]],

       [[  1.55160000e-04,  -8.69250000e-11,   2.99030000e-04,
           1.28740000e-02,   2.01170000e-02],
        [  5.27960000e-04,  -1.42130000e-10,   3.00730000e-04,
           5.54210000e-03,   4.48330000e-03],
        [  5.25770000e-04,  -1.42350000e-10,   3.02430000e-04,
           5.53450000e-03,   4.47430000e-03],
        ..., 
        [ -1.35230000e-03,   2.10810000e-10,   1.87990000e-03,
           1.64970000e-02,   1.48060000e-02],
        [  1.52320000e-04,   9.17200000e-11,   1.88600000e-03,
           7.68920000e-03,   1.47840000e-02],
        [ -5.93050000e-04,   9.17630000e-11,   1.89210000e-03,
           4.25270000e-03,  -8.63460000e-04]],

       [[  3.47340000e-04,  -9.45240000e-11,   1.37290000e-03,
          -2.74590000e-03,  -7.26380000e-03],
        [ -4.00430000e-04,  -5.80480000e-11,   1.37200000e-03,
           6.32570000e-04,   8.31160000e-03],
        [  3.51770000e-04,  -3.99010000e-11,   1.37100000e-03,
          -1.01490000e-02,  -7.36230000e-03],
        ..., 
        [  1.61990000e-03,  -1.45690000e-11,   4.98120000e-04,
           3.92500000e-03,   5.26710000e-03],
        [  1.99740000e-03,  -2.37950000e-11,   5.00380000e-04,
           4.43240000e-03,   5.29130000e-03],
        [  3.12500000e-03,  -2.38550000e-11,   5.02660000e-04,
          -4.33750000e-03,  -1.03090000e-02]],

       ..., 
       [[ -1.33340000e-03,  -2.24190000e-10,   2.00610000e-03,
           4.84710000e-03,   8.34090000e-03],
        [ -1.33410000e-03,  -9.60980000e-11,   1.99840000e-03,
          -1.31990000e-02,  -7.26100000e-03],
        [ -9.59730000e-04,  -9.63080000e-11,   1.99080000e-03,
          -2.14800000e-02,  -2.28630000e-02],
        ..., 
        [ -2.79290000e-04,   5.11930000e-11,   8.59720000e-04,
          -3.59810000e-03,  -2.64230000e-03],
        [ -1.03010000e-03,   9.70090000e-11,   8.58590000e-04,
          -6.53180000e-04,  -2.62560000e-03],
        [  9.39720000e-05,  -2.21330000e-11,  -1.47670000e-02,
           8.26990000e-04,  -2.60880000e-03]],

       [[ -5.68110000e-04,  -8.80040000e-12,   1.90880000e-03,
           4.96580000e-03,   7.07700000e-03],
        [ -9.43460000e-04,  -3.64270000e-11,   1.90080000e-03,
          -4.76410000e-03,  -8.50510000e-03],
        [ -1.69380000e-03,  -7.32170000e-11,   1.89290000e-03,
          -1.30290000e-02,  -8.46260000e-03],
        ..., 
        [ -7.83440000e-04,  -7.58410000e-12,   9.34380000e-04,
          -2.61640000e-02,  -3.60710000e-02],
        [ -7.85970000e-04,   2.90380000e-11,   9.34010000e-04,
          -7.12300000e-03,  -4.82620000e-03],
        [ -7.88510000e-04,  -2.59830000e-11,   9.33620000e-04,
          -1.24960000e-02,  -2.04560000e-02]],

       [[ -8.60790000e-04,  -1.10450000e-10,   2.76600000e-03,
           1.75880000e-02,   1.54240000e-02],
        [ -1.23810000e-03,  -7.35220000e-11,  -1.28710000e-02,
           3.89240000e-03,  -2.28830000e-04],
        [ -1.24040000e-03,   7.33740000e-11,   2.74100000e-03,
          -2.96770000e-03,  -2.56860000e-04],
        ..., 
        [ -2.66680000e-04,  -4.59090000e-12,   1.25410000e-03,
           8.28150000e-04,   2.84460000e-03],
        [  1.06910000e-04,   1.34760000e-11,   1.25680000e-03,
          -1.08320000e-02,  -1.27160000e-02],
        [ -1.01950000e-03,   4.98710000e-11,   1.25950000e-03,
          -7.35470000e-03,  -1.26510000e-02]]])
