array([[[ -1.36810000e-04,  -8.03520000e-11,   1.48580000e-02,
           1.46130000e-02,   5.62490000e-01],
        [  2.38590000e-04,  -1.08030000e-10,  -7.78870000e-04,
          -1.98380000e-03,   5.46870000e-01],
        [  2.38980000e-04,   9.34000000e-11,  -7.91220000e-04,
          -2.46760000e-03,   5.46870000e-01],
        ..., 
        [  1.83130000e-03,   2.24330000e-10,  -3.34630000e-04,
          -1.23360000e-02,   5.46870000e-01],
        [  1.83580000e-03,  -3.20340000e-11,  -3.28810000e-04,
          -1.23970000e-02,   5.46870000e-01],
        [  1.84040000e-03,   5.06840000e-11,  -3.23000000e-04,
          -1.39220000e-02,   5.46870000e-01]],

       [[  3.85720000e-04,  -1.41770000e-10,   1.60120000e-02,
           3.12470000e-03,   5.62490000e-01],
        [  7.62180000e-04,  -3.19780000e-11,   3.71120000e-04,
          -2.46890000e-02,   5.15620000e-01],
        [  1.36360000e-05,   9.61430000e-11,   3.54740000e-04,
          -2.07650000e-02,   5.31240000e-01],
        ..., 
        [  7.72880000e-04,   8.71560000e-11,  -2.34060000e-04,
          -3.78370000e-02,   5.15620000e-01],
        [  2.80990000e-05,  -1.34930000e-11,  -2.26910000e-04,
          -3.10610000e-02,   5.15620000e-01],
        [ -7.16660000e-04,  -2.25000000e-11,  -2.19750000e-04,
          -1.89150000e-02,   5.31240000e-01]],

       [[ -2.65940000e-04,  -3.84280000e-11,   1.45360000e-02,
          -1.84990000e-03,   5.46870000e-01],
        [ -2.63450000e-04,  -3.86230000e-11,   1.45310000e-02,
          -1.86130000e-03,   5.46870000e-01],
        [ -2.60970000e-04,  -4.79830000e-11,  -1.09990000e-03,
           9.84580000e-03,   5.62490000e-01],
        ..., 
        [  1.39870000e-03,  -1.68220000e-11,  -1.09750000e-03,
          -9.42840000e-03,   5.46870000e-01],
        [  6.52300000e-04,  -2.00000000e-10,  -1.09940000e-03,
           1.39590000e-02,   5.78120000e-01],
        [  6.55890000e-04,   5.67180000e-11,  -1.10130000e-03,
          -2.46640000e-02,   5.31240000e-01]],

       ..., 
       [[ -1.14700000e-03,   1.53480000e-10,  -1.76970000e-03,
          -6.59960000e-04,   5.62490000e-01],
        [ -3.92830000e-04,   8.03990000e-11,  -1.77020000e-03,
          -9.99060000e-03,   5.46870000e-01],
        [  3.61360000e-04,   6.23070000e-11,  -1.77070000e-03,
          -5.16110000e-03,   5.46870000e-01],
        ..., 
        [  8.05140000e-05,  -2.85850000e-11,  -6.71000000e-04,
           7.79300000e-03,   5.62490000e-01],
        [  8.34140000e-04,  -1.95350000e-11,  -6.61860000e-04,
           5.33840000e-03,   5.62490000e-01],
        [  1.58780000e-03,  -1.47950000e-10,  -6.52690000e-04,
           3.86000000e-03,   5.62490000e-01]],

       [[ -2.02610000e-03,   8.83400000e-11,  -1.90520000e-03,
           1.32900000e-02,   5.78120000e-01],
        [ -2.02140000e-03,  -1.31620000e-10,  -1.90390000e-03,
           5.93310000e-03,   5.62490000e-01],
        [ -5.16820000e-04,   1.06640000e-10,  -1.90250000e-03,
           1.01760000e-03,   5.62490000e-01],
        ..., 
        [ -1.08420000e-03,   1.48820000e-11,  -2.69760000e-04,
           1.56120000e-02,   5.78120000e-01],
        [  4.41730000e-05,   3.34200000e-11,  -2.61130000e-04,
           1.60520000e-02,   5.78120000e-01],
        [  4.76340000e-05,   1.43600000e-10,  -2.52470000e-04,
           8.68060000e-04,   5.62490000e-01]],

       [[ -6.52670000e-04,   5.15300000e-13,  -3.36050000e-03,
           1.44490000e-02,   5.78120000e-01],
        [ -1.02020000e-03,  -6.36550000e-11,  -3.34980000e-03,
           1.58610000e-02,   5.78120000e-01],
        [  4.87230000e-04,  -7.28400000e-11,  -3.33910000e-03,
           1.16010000e-03,   5.62490000e-01],
        ..., 
        [ -2.71940000e-03,  -9.51030000e-11,  -1.47350000e-03,
           6.90230000e-03,   5.78120000e-01],
        [ -1.21790000e-03,  -1.31600000e-10,  -1.47360000e-03,
           2.05420000e-02,   5.93740000e-01],
        [ -8.41260000e-04,  -9.47870000e-11,  -1.47360000e-03,
           7.32620000e-03,   5.78120000e-01]]])
