array([[[ -2.25470000e-03,  -1.28770000e-10,  -2.45210000e-03,
          -1.60620000e-02,  -1.48150000e-02],
        [ -2.61570000e-03,  -1.75360000e-10,  -2.43810000e-03,
           6.40830000e-03,   8.25530000e-04],
        [ -1.47680000e-03,  -1.39480000e-10,  -2.42420000e-03,
           3.91320000e-02,   4.77150000e-02],
        ..., 
        [ -4.29040000e-04,   1.40930000e-10,   1.36840000e-02,
           2.68540000e-02,   2.29690000e-02],
        [ -4.33130000e-04,   2.23550000e-10,  -1.93600000e-03,
          -8.29790000e-03,  -8.27790000e-03],
        [ -4.37220000e-04,   2.23680000e-10,  -1.93120000e-03,
          -8.29470000e-03,  -8.27540000e-03]],

       [[ -2.13640000e-03,   1.85000000e-10,  -4.53680000e-03,
           2.34530000e-02,   2.97430000e-02],
        [ -2.12720000e-03,   1.71740000e-12,  -4.51170000e-03,
           2.97990000e-02,   2.97450000e-02],
        [ -1.74300000e-03,   2.12510000e-10,  -4.48670000e-03,
           3.02860000e-02,   2.97460000e-02],
        ..., 
        [  7.36490000e-04,  -2.49470000e-10,  -3.23990000e-03,
          -1.11180000e-02,  -1.13140000e-02],
        [ -1.21790000e-05,  -9.43380000e-11,  -3.24420000e-03,
           7.97210000e-03,   4.36560000e-03],
        [  1.11410000e-03,   4.24590000e-11,  -3.24840000e-03,
           1.58320000e-02,   2.00450000e-02]],

       [[ -1.12310000e-03,   4.87840000e-11,  -1.70690000e-03,
           2.07680000e-02,   2.85200000e-02],
        [ -3.61410000e-04,   2.03360000e-11,  -1.72100000e-03,
           6.62920000e-03,   1.29230000e-02],
        [  4.00220000e-04,   1.20190000e-10,   1.38900000e-02,
           6.65080000e-03,   1.29510000e-02],
        ..., 
        [  2.29080000e-03,  -2.59490000e-11,   3.59770000e-04,
           5.25440000e-03,   8.63490000e-03],
        [  1.16410000e-03,  -6.23640000e-11,   3.96750000e-04,
          -1.28120000e-02,  -6.98840000e-03],
        [  7.87340000e-04,  -2.08750000e-10,   4.33870000e-04,
           4.67570000e-02,   5.55120000e-02]],

       ..., 
       [[  1.37970000e-04,   7.70150000e-11,  -1.59500000e-04,
           6.74530000e-03,   3.68700000e-03],
        [  1.63650000e-03,   3.84790000e-12,  -1.57290000e-04,
          -6.90650000e-03,  -1.19130000e-02],
        [  2.01000000e-03,  -5.16990000e-12,  -1.55100000e-04,
          -3.17890000e-02,  -4.31370000e-02],
        ..., 
        [ -8.94490000e-04,   1.42640000e-10,   4.55460000e-04,
          -2.48700000e-02,  -3.26470000e-02],
        [ -5.13760000e-04,   9.68690000e-11,   4.58420000e-04,
          -1.49720000e-03,  -1.47060000e-03],
        [ -5.08000000e-04,  -1.30550000e-11,   4.61400000e-04,
          -1.71860000e-02,  -1.71690000e-02]],

       [[  4.85960000e-04,  -8.48520000e-12,  -1.39620000e-04,
          -2.46400000e-03,  -5.75920000e-03],
        [ -2.62980000e-04,  -2.10230000e-10,  -1.37440000e-04,
           5.39080000e-03,   9.91000000e-03],
        [ -1.01190000e-03,  -2.47020000e-10,  -1.35270000e-04,
           1.47100000e-02,   9.95440000e-03],
        ..., 
        [ -1.91800000e-03,   1.24510000e-11,   1.35270000e-04,
          -5.74820000e-04,   3.41000000e-03],
        [ -2.29240000e-03,  -1.61480000e-10,   1.37440000e-04,
           3.48680000e-04,   3.35430000e-03],
        [ -2.29180000e-03,  -1.24640000e-10,   1.39620000e-04,
          -6.05220000e-03,  -1.23260000e-02]],

       [[  6.15130000e-07,  -2.56010000e-10,  -1.42550000e-04,
           2.67740000e-02,   3.41720000e-02],
        [ -7.48880000e-04,   1.10540000e-10,  -1.40320000e-04,
           2.36880000e-03,   2.93020000e-03],
        [ -1.12340000e-03,   2.20490000e-10,  -1.38110000e-04,
          -1.52840000e-03,   2.93780000e-03],
        ..., 
        [ -1.03780000e-03,   1.21260000e-10,   1.38110000e-04,
          -1.94100000e-02,  -2.09190000e-02],
        [ -1.03700000e-03,   2.98200000e-11,   1.40320000e-04,
          -3.21670000e-02,  -3.66080000e-02],
        [ -1.03630000e-03,  -6.16230000e-11,   1.42550000e-04,
           6.83360000e-03,   1.02010000e-02]]])
