array([[[ -3.28660000e-03,   2.71260000e-10,   1.06250000e-03,
           1.80800000e-02,   2.00810000e-02],
        [ -2.90490000e-03,   1.89100000e-10,   1.07280000e-03,
           6.76320000e-03,   4.37250000e-03],
        [ -2.14830000e-03,   1.06940000e-10,   1.08310000e-03,
           1.79460000e-03,   4.28940000e-03],
        ..., 
        [  2.47790000e-03,  -3.80780000e-11,   1.67560000e-03,
           6.04640000e-03,   1.01920000e-02],
        [  9.81480000e-04,   3.52290000e-11,   1.67520000e-03,
           1.72870000e-02,   1.02020000e-02],
        [  6.10070000e-04,  -1.97650000e-11,   1.67480000e-03,
           2.51100000e-02,   2.58380000e-02]],

       [[ -3.30990000e-03,   3.01780000e-11,  -1.35380000e-02,
           1.00640000e-02,   9.79070000e-03],
        [ -2.55710000e-03,   8.54180000e-11,   2.09060000e-03,
           3.22480000e-03,   9.78810000e-03],
        [ -2.55430000e-03,   1.95640000e-10,   2.09410000e-03,
           4.68670000e-03,   9.78550000e-03],
        ..., 
        [  1.81210000e-04,   1.10880000e-10,   2.63900000e-03,
          -6.72100000e-03,  -1.13540000e-02],
        [  5.60500000e-04,   1.01850000e-11,   2.64520000e-03,
          -7.27530000e-03,  -1.14130000e-02],
        [  9.39830000e-04,  -5.38500000e-11,   2.65140000e-03,
          -9.29470000e-03,  -1.14720000e-02]],

       [[ -1.86400000e-03,   3.74380000e-11,   1.43440000e-03,
           1.86260000e-02,   1.31620000e-02],
        [ -1.48530000e-03,   7.41790000e-11,   1.44310000e-03,
           2.10220000e-02,   1.31190000e-02],
        [ -1.48160000e-03,   8.34270000e-11,   1.45180000e-03,
           1.21870000e-02,   1.30770000e-02],
        ..., 
        [  5.66130000e-04,  -2.64070000e-11,   2.19630000e-03,
          -4.63110000e-03,  -6.42930000e-03],
        [ -5.54330000e-04,   3.78650000e-11,   2.19780000e-03,
          -2.54790000e-04,  -6.44400000e-03],
        [  2.00210000e-04,   1.04950000e-11,   2.19920000e-03,
           2.02340000e-02,   2.47910000e-02]],

       ..., 
       [[ -3.73160000e-04,  -3.26740000e-11,  -9.38900000e-03,
           1.84240000e-02,   2.18090000e-02],
        [  2.19400000e-06,  -1.05940000e-10,   6.23550000e-03,
           3.59650000e-02,   3.74030000e-02],
        [  2.54420000e-06,   4.07510000e-12,   6.23520000e-03,
           1.05380000e-02,   6.12320000e-03],
        ..., 
        [  1.85730000e-03,  -2.14390000e-10,  -6.03750000e-03,
           4.17500000e-03,   9.45190000e-03],
        [  1.48430000e-03,  -2.60150000e-10,   9.60080000e-03,
           6.94670000e-04,  -6.22770000e-03],
        [  1.11140000e-03,  -2.60090000e-10,   9.61440000e-03,
           1.28390000e-02,   9.34210000e-03]],

       [[  2.02000000e-04,  -3.09540000e-11,   1.23770000e-02,
           1.11100000e-02,   1.28350000e-02],
        [  2.03230000e-04,   5.12470000e-11,   1.23620000e-02,
           1.50130000e-02,   1.28310000e-02],
        [  5.79450000e-04,  -4.01480000e-12,   1.23480000e-02,
          -2.56690000e-03,  -2.79720000e-03],
        ..., 
        [  1.33460000e-03,  -1.75730000e-10,  -6.14940000e-03,
          -1.45810000e-02,  -7.88210000e-03],
        [ -1.63170000e-04,  -2.12160000e-10,  -6.13790000e-03,
           1.21980000e-02,   7.68000000e-03],
        [  9.64050000e-04,  -1.01970000e-10,   9.49830000e-03,
           5.77400000e-03,   7.61700000e-03]],

       [[  4.98470000e-04,   2.10210000e-11,  -3.83530000e-03,
           2.37570000e-02,   2.78420000e-02],
        [  4.97460000e-04,  -7.98520000e-11,  -3.85790000e-03,
           2.13160000e-02,   2.78170000e-02],
        [  4.96440000e-04,  -1.34900000e-10,  -3.88050000e-03,
           7.15700000e-03,   1.21670000e-02],
        ..., 
        [  2.72780000e-03,  -8.37850000e-12,  -3.83580000e-03,
          -6.41020000e-03,  -9.68880000e-04],
        [  1.98220000e-03,  -7.25090000e-11,  -3.80860000e-03,
           1.69530000e-02,   3.02590000e-02],
        [ -3.25130000e-02,  -3.13340000e-09,  -3.78130000e-03,
           4.00660000e-01,  -3.76010000e-01]]])
