array([[[ -1.12540000e-03,   2.10210000e-11,   1.95480000e-04,
           2.90380000e-03,   6.82370000e-03],
        [ -4.31750000e-07,  -1.80590000e-10,   1.94580000e-04,
           1.75520000e-02,   2.24510000e-02],
        [ -3.75440000e-04,  -7.97870000e-11,   1.93690000e-04,
           1.99930000e-02,   2.24530000e-02],
        ..., 
        [ -9.48330000e-05,  -2.89600000e-11,   6.93270000e-04,
           1.59030000e-02,   8.62560000e-03],
        [  2.79200000e-04,   7.87310000e-12,   6.95530000e-04,
          -1.23390000e-03,  -7.04550000e-03],
        [  2.78240000e-04,  -1.94440000e-11,   6.97800000e-04,
          -6.65260000e-03,  -7.09200000e-03]],

       [[ -1.00420000e-03,   7.70750000e-11,   3.17530000e-04,
           1.48500000e-02,   7.06910000e-03],
        [ -1.37850000e-03,   1.22870000e-10,   3.16960000e-04,
           1.48500000e-02,   7.07010000e-03],
        [ -2.12770000e-03,   2.20370000e-11,   3.16380000e-04,
           1.97320000e-02,   2.26960000e-02],
        ..., 
        [  2.00510000e-04,   2.81810000e-11,   1.46040000e-04,
           3.75630000e-02,   2.90080000e-02],
        [  5.74270000e-04,  -6.33760000e-11,   1.46230000e-04,
           2.67860000e-02,   2.89740000e-02],
        [  5.73030000e-04,   8.60580000e-13,   1.46410000e-04,
           2.82510000e-03,  -2.30910000e-03]],

       [[ -1.22170000e-03,   6.96450000e-11,   1.22460000e-04,
           1.66700000e-02,   1.69930000e-02],
        [ -8.47330000e-04,   1.44900000e-11,   1.22030000e-04,
          -6.76520000e-03,  -1.42470000e-02],
        [ -9.79380000e-05,  -4.98300000e-11,   1.21610000e-04,
           2.20450000e-02,   1.70110000e-02],
        ..., 
        [ -7.31930000e-04,   2.36330000e-10,   2.33060000e-04,
          -5.13720000e-03,  -4.26130000e-03],
        [ -7.31740000e-04,   5.30960000e-11,   2.33830000e-04,
          -1.20020000e-02,  -4.29380000e-03],
        [  3.93430000e-04,  -3.84940000e-11,   2.34610000e-04,
          -5.68430000e-03,  -4.32630000e-03]],

       ..., 
       [[ -1.42430000e-04,   1.30340000e-10,  -4.93470000e-05,
           1.25370000e-02,   1.92920000e-02],
        [ -1.43520000e-04,   1.30390000e-10,  -4.91490000e-05,
           1.25150000e-02,   1.92700000e-02],
        [ -1.44600000e-04,   4.79620000e-11,  -4.89480000e-05,
          -1.66710000e-03,   3.62290000e-03],
        ..., 
        [ -3.08610000e-04,   6.35700000e-11,   2.24660000e-05,
           1.01590000e-02,   3.54290000e-03],
        [ -1.43060000e-03,  -1.56240000e-10,   2.14890000e-05,
           8.65610000e-03,   3.51050000e-03],
        [ -1.05260000e-03,  -1.28610000e-10,   2.05060000e-05,
          -3.10090000e-03,   3.47780000e-03]],

       [[  1.77670000e-05,  -7.03780000e-11,  -1.66200000e-05,
           1.74040000e-02,   1.31930000e-02],
        [  2.05850000e-05,  -7.03390000e-11,  -1.67010000e-05,
           1.73590000e-02,   1.31520000e-02],
        [  2.33960000e-05,   4.88340000e-11,  -1.67790000e-05,
           9.99020000e-03,   1.31110000e-02],
        ..., 
        [ -3.18650000e-04,  -1.95150000e-10,   1.56900000e-06,
           1.01980000e-02,   7.75240000e-03],
        [  5.49740000e-05,   4.33360000e-11,   7.25050000e-07,
           1.99340000e-02,   2.33500000e-02],
        [ -3.21400000e-04,   1.60550000e-11,  -1.23660000e-07,
           3.55290000e-02,   3.89470000e-02]],

       [[  3.03810000e-05,  -8.07130000e-11,   1.54170000e-04,
          -1.13750000e-02,  -8.15420000e-03],
        [  3.19580000e-05,  -8.08630000e-11,   1.53250000e-04,
          -1.13640000e-02,  -8.14840000e-03],
        [  7.83520000e-04,  -1.08510000e-10,   1.52340000e-04,
           1.55020000e-02,   7.48230000e-03],
        ..., 
        [  1.88320000e-04,   3.76360000e-11,   1.60260000e-04,
          -6.52900000e-04,   4.64030000e-03],
        [  5.63510000e-04,   3.40590000e-10,   1.60210000e-04,
          -2.36860000e-02,  -2.66780000e-02],
        [  9.38700000e-04,   1.21190000e-10,   1.60170000e-04,
          -2.27930000e-02,  -2.67460000e-02]]])
