array([[[ -5.87830000e-12,   7.39110000e-11,  -5.34870000e+00,
          -2.52640000e-02,  -2.98360000e+04],
        [ -8.58780000e-12,  -1.77560000e-11,   9.79570000e-01,
           2.56480000e-02,   2.83250000e+04],
        [ -4.54730000e-12,  -6.36010000e-11,   9.82040000e-01,
           2.57800000e-02,   2.84710000e+04],
        ..., 
        [ -5.54010000e-12,  -5.10180000e-11,   1.22090000e+00,
           5.07990000e-03,   3.57120000e+03],
        [ -4.18890000e-12,  -4.20620000e-11,   1.22560000e+00,
           5.55360000e-03,   3.55470000e+03],
        [ -2.83770000e-12,   1.27140000e-11,   1.23020000e+00,
          -1.15500000e-02,  -1.38660000e+04]],

       [[ -4.60200000e-12,  -1.61750000e-10,  -5.96790000e+00,
           1.20220000e-02,   1.12720000e+04],
        [ -5.94780000e-12,  -9.77160000e-11,  -5.96410000e+00,
           2.23410000e-02,   2.29470000e+04],
        [ -3.24370000e-12,  -7.95010000e-11,   3.65300000e-01,
           1.41050000e-02,   1.14150000e+04],
        ..., 
        [ -5.18820000e-12,   6.15590000e-11,   1.19050000e+00,
          -2.78880000e-02,  -2.75580000e+04],
        [ -5.19230000e-12,   6.14430000e-11,   1.19550000e+00,
          -2.78290000e-02,  -2.74930000e+04],
        [ -5.19650000e-12,   9.79840000e-11,  -5.12530000e+00,
          -8.23770000e-03,  -1.00230000e+04]],

       [[ -9.73530000e-13,  -9.36110000e-11,   4.50670000e-01,
           1.31620000e-03,   1.57640000e+02],
        [ -9.89300000e-13,  -3.89390000e-11,  -5.87050000e+00,
           5.81960000e-03,   6.07860000e+03],
        [  3.44990000e-13,  -2.59440000e-12,  -5.86600000e+00,
           1.42290000e-02,   1.19990000e+04],
        ..., 
        [ -2.20720000e-12,  -1.12130000e-10,   8.69110000e-01,
          -1.65380000e-02,  -1.78580000e+04],
        [  1.86060000e-12,   3.45090000e-11,   8.72050000e-01,
          -1.40760000e-02,  -1.78340000e+04],
        [  1.87840000e-12,   3.45160000e-11,   8.75010000e-01,
           7.91790000e-03,   5.39700000e+03]],

       ..., 
       [[ -2.70320000e-12,  -1.25270000e-10,  -6.11670000e-02,
           1.50010000e-02,   1.63100000e+04],
        [ -1.34780000e-12,  -5.20960000e-11,  -5.94920000e-02,
           1.35330000e-02,   1.63040000e+04],
        [  7.64260000e-15,  -1.25550000e-10,  -5.78240000e-02,
           1.40190000e-02,   1.62990000e+04],
        ..., 
        [ -1.18380000e-12,  -1.48550000e-10,   1.53170000e-01,
          -6.91720000e-03,  -9.93800000e+03],
        [  1.90950000e-13,  -1.20990000e-10,   1.53370000e-01,
           1.34870000e-03,   1.62160000e+03],
        [ -1.13420000e-12,  -1.09420000e-11,   1.53580000e-01,
           3.37190000e-04,  -4.22380000e+03]],

       [[  2.13650000e-12,  -7.80040000e-11,   5.15250000e-02,
           4.24820000e-02,   4.77690000e+04],
        [  3.49640000e-12,  -1.60590000e-10,   5.20470000e-02,
           2.97720000e-02,   3.03450000e+04],
        [  4.85630000e-12,  -1.69860000e-10,   5.25650000e-02,
           5.07530000e-02,   5.35320000e+04],
        ..., 
        [ -2.02070000e-12,   1.32470000e-11,   1.47760000e-01,
          -7.32920000e-03,  -7.21550000e+03],
        [ -3.34740000e-12,  -2.34040000e-11,   1.48820000e-01,
          -5.12850000e-02,  -5.36430000e+04],
        [ -3.32390000e-12,  -2.33970000e-11,   1.49890000e-01,
          -5.12970000e-02,  -5.36580000e+04]],

       [[ -2.20590000e-12,  -1.25350000e-10,  -8.48820000e-02,
           2.43310000e-02,   2.78660000e+04],
        [ -8.43280000e-13,  -7.95330000e-11,  -8.28960000e-02,
           3.01820000e-02,   3.36580000e+04],
        [  5.19200000e-13,  -1.25360000e-10,  -8.09190000e-02,
           4.82410000e-02,   5.10530000e+04],
        ..., 
        [  9.07870000e-13,  -4.28250000e-11,   1.35410000e-01,
          -1.39490000e-02,  -1.38480000e+04],
        [  9.26640000e-13,   3.96630000e-11,   1.35330000e-01,
           7.03220000e-03,   3.53450000e+03],
        [  2.29550000e-12,   1.22150000e-10,   1.35270000e-01,
           1.23890000e-02,   9.31400000e+03]]])
