array([[[ -5.87980000e-12,  -9.55190000e-11,   6.41870000e-03,
           3.87030000e-02,   4.70070000e+04],
        [ -1.82920000e-12,   6.93040000e-11,   7.35790000e-03,
           6.36400000e-02,   7.60580000e+04],
        [  2.22130000e-12,  -4.14460000e-12,   8.29060000e-03,
           4.70730000e-02,   5.86970000e+04],
        ..., 
        [  1.24000000e-12,  -1.05530000e-10,   2.90470000e-02,
           2.27290000e-02,   2.48890000e+04],
        [  1.24130000e-12,  -6.87320000e-11,   2.97540000e-02,
           2.17870000e-02,   2.49350000e+04],
        [  1.24260000e-12,  -5.94250000e-11,   3.04660000e-02,
           6.19710000e-03,   7.57580000e+03]],

       [[  6.63690000e-12,  -1.23240000e-10,  -3.40680000e-02,
           1.94940000e-02,   1.78720000e+04],
        [  7.98670000e-12,  -9.54860000e-11,  -3.25220000e-02,
           9.70150000e-03,   6.24290000e+03],
        [  7.98650000e-12,   1.47410000e-11,  -3.09830000e-02,
           3.36000000e-02,   3.52250000e+04],
        ..., 
        [ -3.37280000e-12,  -3.67350000e-11,   1.74530000e+00,
          -5.65060000e-02,  -6.27740000e+04],
        [  6.76660000e-13,  -1.10360000e-10,   1.74300000e+00,
          -2.27330000e-02,  -2.78650000e+04],
        [  6.76210000e-13,  -1.10670000e-10,   1.74060000e+00,
          -2.26510000e-02,  -2.77660000e+04]],

       [[ -1.20080000e-12,  -4.89180000e-11,  -7.45540000e-02,
          -3.63100000e-03,  -5.70820000e+03],
        [ -1.20980000e-12,  -3.97120000e-11,  -7.24010000e-02,
           2.18490000e-02,   2.34140000e+04],
        [  1.31230000e-13,   4.28080000e-11,  -7.02570000e-02,
           2.38910000e-02,   2.35280000e+04],
        ..., 
        [ -3.21030000e-12,  -3.99400000e-11,   1.56770000e-02,
          -1.59620000e-02,  -2.29970000e+04],
        [ -1.85230000e-12,  -3.07880000e-11,   1.53000000e-02,
          -6.77260000e-02,  -7.52230000e+04],
        [ -1.84430000e-12,  -3.08010000e-11,   1.49250000e-02,
          -6.77330000e-02,  -7.52350000e+04]],

       ..., 
       [[  1.47160000e-12,  -2.79960000e-11,   1.37790000e-02,
          -3.87750000e-02,  -4.48240000e+04],
        [  1.18370000e-13,  -8.30480000e-11,   1.35640000e-02,
          -2.64500000e-02,  -3.30860000e+04],
        [ -1.23490000e-12,  -4.64580000e-11,   1.33500000e-02,
          -1.41250000e-02,  -1.55460000e+04],
        ..., 
        [  4.69440000e-12,   3.19740000e-11,  -1.33500000e-02,
          -5.45830000e-03,  -4.84780000e+03],
        [ -4.75810000e-12,  -5.97990000e-11,  -1.35640000e-02,
          -8.90510000e-03,  -1.06770000e+04],
        [ -3.41070000e-12,  -5.99310000e-11,  -1.37790000e-02,
           1.05970000e-02,   1.25020000e+04]],

       [[  8.44910000e-12,  -1.39760000e-11,   1.42220000e-02,
          -2.85000000e-02,  -3.63280000e+04],
        [  4.38870000e-12,  -7.82300000e-11,   1.39990000e-02,
          -2.05660000e-02,  -2.45810000e+04],
        [  4.37820000e-12,  -7.83340000e-11,   1.37780000e-02,
          -2.04440000e-02,  -2.44370000e+04],
        ..., 
        [ -5.27370000e-12,  -1.35070000e-10,  -1.37780000e-02,
           4.04350000e-02,   4.75040000e+04],
        [ -3.92470000e-12,  -1.53510000e-10,  -1.39990000e-02,
           2.42970000e-02,   3.00720000e+04],
        [ -1.22580000e-12,  -1.53620000e-10,  -1.42220000e-02,
           1.98780000e-02,   2.42440000e+04]],

       [[  1.12100000e-13,   2.57380000e-11,   1.15390000e-01,
          -2.59680000e-02,  -3.29320000e+04],
        [  1.45350000e-12,   1.72260000e-10,   1.14380000e-01,
          -2.34190000e-02,  -2.70030000e+04],
        [  2.79500000e-12,   4.38600000e-11,   1.13380000e-01,
           2.06330000e-02,   2.53380000e+04],
        ..., 
        [ -3.15050000e-12,  -4.60870000e-11,   1.77790000e-01,
           3.57830000e-02,   4.37590000e+04],
        [ -1.80090000e-12,  -1.10220000e-10,   1.78580000e-01,
           4.60390000e-02,   5.53660000e+04],
        [ -1.80140000e-12,  -1.83530000e-10,   1.79360000e-01,
           2.79750000e-02,   3.21630000e+04]]])
