array([[[  7.56020000e-04,  -5.32610000e-10,   1.05600000e-02,
          -1.14770000e-02,  -1.42340000e-02],
        [  1.87490000e-03,  -1.28090000e-10,   1.05620000e-02,
          -5.60310000e-02,  -4.55720000e-02],
        [  1.86870000e-03,   3.81490000e-11,  -5.06200000e-03,
           2.58780000e-02,   1.68390000e-02],
        ..., 
        [  6.64640000e-04,   3.16370000e-10,  -2.31550000e-03,
          -8.19010000e-02,  -6.83070000e-02],
        [  6.63810000e-04,   6.54730000e-10,   1.33170000e-02,
           2.69920000e-03,  -5.71320000e-03],
        [  1.03800000e-03,   9.65590000e-10,   1.33260000e-02,
          -3.81870000e-02,  -3.68670000e-02]],

       [[  3.39320000e-04,   1.16440000e-10,  -6.49740000e-03,
          -1.63450000e-01,  -1.18600000e-01],
        [  3.37370000e-04,  -2.68340000e-10,   9.13990000e-03,
          -4.03080000e-02,  -4.03940000e-02],
        [  3.35440000e-04,  -5.15660000e-10,   9.15250000e-03,
           1.59420000e-02,   6.55660000e-03],
        ..., 
        [  7.38980000e-05,   3.56980000e-10,  -7.28560000e-03,
          -3.67540000e-02,  -3.08140000e-02],
        [  4.42510000e-04,   1.09950000e-09,  -7.29780000e-03,
          -5.14860000e-02,  -4.65070000e-02],
        [  6.11030000e-05,   8.24990000e-11,  -7.31020000e-03,
          -1.29970000e-02,  -1.53250000e-02]],

       [[  1.96960000e-03,   5.13940000e-10,   1.34910000e-02,
           9.59500000e-02,   9.06050000e-02],
        [  1.96690000e-03,  -3.65990000e-10,   1.34730000e-02,
           2.23230000e-02,   1.25620000e-02],
        [  8.39250000e-04,  -3.02000000e-10,  -2.17050000e-03,
           8.54120000e-02,   7.51420000e-02],
        ..., 
        [  3.72850000e-04,   3.11330000e-10,  -1.34280000e-03,
          -2.09260000e-02,  -2.71790000e-02],
        [  3.68740000e-04,   4.86530000e-10,  -1.31950000e-03,
          -4.01180000e-02,  -4.29240000e-02],
        [  3.64600000e-04,   3.41000000e-10,   1.43290000e-02,
          -1.00320000e-01,  -7.42940000e-02]],

       ..., 
       [[  3.69560000e-04,  -8.15960000e-10,   4.07410000e-03,
          -4.08720000e-02,  -3.23860000e-02],
        [ -2.79710000e-06,   9.26570000e-12,  -1.15330000e-02,
          -2.20230000e-02,  -1.69240000e-02],
        [ -3.75170000e-04,  -8.62920000e-12,  -1.15150000e-02,
          -2.61240000e-02,  -1.70860000e-02],
        ..., 
        [  2.37910000e-04,  -6.27460000e-10,  -1.15800000e-02,
           5.36520000e-02,   3.68330000e-02],
        [ -1.25970000e-03,  -4.07860000e-10,   4.04750000e-03,
           3.67250000e-02,   2.13460000e-02],
        [  6.17650000e-04,  -4.96640000e-12,   4.05010000e-03,
           2.17520000e-02,   2.14830000e-02]],

       [[ -1.05510000e-03,   2.77880000e-10,   3.69540000e-03,
          -2.11210000e-02,  -1.22450000e-02],
        [  7.30740000e-05,  -5.55860000e-10,   3.72590000e-03,
           5.79600000e-02,   5.02440000e-02],
        [  7.62250000e-05,  -3.35720000e-10,   3.75630000e-03,
           4.42700000e-02,   3.46090000e-02],
        ..., 
        [ -1.70760000e-03,  -6.18950000e-11,   2.47920000e-03,
          -7.98360000e-02,  -6.15440000e-02],
        [ -2.05120000e-04,  -2.45540000e-10,   2.46610000e-03,
          -8.23690000e-02,  -6.16260000e-02],
        [  1.29740000e-03,   3.31450000e-10,   2.45300000e-03,
           2.00760000e-02,   1.64170000e-02]],

       [[  4.81830000e-05,  -1.15880000e-09,  -9.35440000e-03,
          -1.60340000e-02,  -9.19020000e-03],
        [ -1.07680000e-03,  -1.22780000e-10,  -9.33820000e-03,
           5.37820000e-03,   6.38480000e-03],
        [  1.17310000e-03,   8.30800000e-10,   6.30270000e-03,
           2.86510000e-03,  -9.28940000e-03],
        ..., 
        [ -1.69800000e-03,  -6.99010000e-10,  -1.23390000e-02,
           3.27210000e-03,  -5.83330000e-03],
        [ -2.06910000e-03,  -5.79510000e-10,  -1.23420000e-02,
          -4.50380000e-02,  -3.70690000e-02],
        [ -9.40150000e-04,  -1.39250000e-10,  -1.23450000e-02,
           3.26270000e-02,   2.54430000e-02]]])
