array([[[ -8.04950000e-13,  -5.72160000e-11,  -5.54160000e+00,
           9.33160000e-03,   1.01630000e+04],
        [ -8.19730000e-13,  -8.46650000e-11,  -5.53630000e+00,
           3.85910000e-02,   4.49320000e+04],
        [ -8.34490000e-13,  -1.76260000e-10,  -5.53100000e+00,
           4.78310000e-02,   5.64950000e+04],
        ..., 
        [  6.88410000e-12,   6.12900000e-11,   2.44910000e-01,
           2.00160000e-02,   2.13630000e+04],
        [  6.90530000e-12,   5.21890000e-11,   2.37960000e-01,
           1.50860000e-02,   1.55150000e+04],
        [  4.22660000e-12,  -4.85540000e-11,   2.30990000e-01,
           1.50390000e-02,   1.54680000e+04]],

       [[ -3.20730000e-12,   1.15910000e-10,  -1.86980000e-01,
          -4.59290000e-02,  -5.34880000e+04],
        [ -1.86550000e-12,   1.52650000e-10,  -1.84510000e-01,
           1.21910000e-02,   1.03440000e+04],
        [  3.52620000e-12,  -3.05640000e-11,  -1.82050000e-01,
           1.75770000e-02,   1.61610000e+04],
        ..., 
        [ -7.31800000e-13,   1.53180000e-10,   8.16780000e-02,
           3.77370000e-02,   4.11550000e+04],
        [ -7.16670000e-13,  -4.85000000e-11,   7.96880000e-02,
           1.32710000e-02,   1.20980000e+04],
        [  1.99850000e-12,   6.14100000e-11,   7.76920000e-02,
           1.95650000e-02,   2.36510000e+04]],

       [[ -2.70640000e-12,   1.17590000e-10,   4.34230000e-01,
           1.95370000e-02,   1.88160000e+04],
        [ -1.96470000e-14,   1.81770000e-10,   4.33580000e-01,
           4.19330000e-02,   4.77520000e+04],
        [ -3.28700000e-14,   2.59990000e-11,   4.32930000e-01,
           4.13820000e-02,   4.76810000e+04],
        ..., 
        [  4.55810000e-12,  -6.11590000e-11,   3.01340000e-01,
           1.64450000e-02,   1.87030000e+04],
        [  1.87670000e-12,  -1.89560000e-10,  -6.02430000e+00,
           1.88960000e-02,   1.87220000e+04],
        [  5.45360000e-13,  -1.07180000e-10,  -6.02430000e+00,
          -2.25980000e-02,  -2.76730000e+04]],

       ..., 
       [[ -6.59050000e-12,  -8.08620000e-12,   2.62990000e-02,
          -1.73480000e-02,  -1.84580000e+04],
        [ -5.24650000e-12,   5.57010000e-11,   2.58870000e-02,
          -3.76780000e-02,  -4.14700000e+04],
        [ -5.25250000e-12,  -1.18780000e-10,   2.54790000e-02,
          -4.33610000e-02,  -4.70780000e+04],
        ..., 
        [  2.57880000e-12,  -1.43720000e-10,  -2.54790000e-02,
           4.25870000e-02,   4.88060000e+04],
        [ -4.18430000e-12,  -4.32330000e-11,  -2.58870000e-02,
           2.56930000e-02,   2.58160000e+04],
        [ -2.84750000e-12,  -1.07710000e-10,  -2.62990000e-02,
           7.37410000e-02,   8.40480000e+04]],

       [[ -4.63340000e-13,   8.47780000e-11,   2.68250000e-02,
          -1.42330000e-02,  -1.99170000e+04],
        [  4.92000000e-12,   5.68480000e-11,   2.64060000e-02,
          -1.16020000e-02,  -1.39000000e+04],
        [  3.55340000e-12,  -9.02160000e-11,   2.59890000e-02,
          -1.38550000e-02,  -1.94870000e+04],
        ..., 
        [  3.20350000e-12,  -7.87490000e-12,  -2.59890000e-02,
          -1.14150000e-02,  -1.32890000e+04],
        [ -8.45670000e-13,   4.70430000e-11,  -2.64060000e-02,
           2.87730000e-02,   3.32830000e+04],
        [  1.85500000e-12,  -1.54640000e-10,  -2.68250000e-02,
          -8.67320000e-03,  -1.29680000e+04]],

       [[  3.24140000e-12,   6.61220000e-11,   2.73560000e-02,
          -1.95860000e-02,  -2.56740000e+04],
        [ -2.16230000e-12,   1.48170000e-10,   2.69280000e-02,
           1.63340000e-04,  -2.22730000e+03],
        [ -2.16600000e-12,   7.44350000e-11,   2.65020000e-02,
           2.33300000e-03,   3.81320000e+03],
        ..., 
        [ -2.27790000e-12,   3.88480000e-10,  -2.65020000e-02,
          -1.49990000e-02,  -1.88670000e+04],
        [ -3.63930000e-12,   1.40820000e-10,  -2.69280000e-02,
          -2.80400000e-02,  -3.03170000e+04],
        [ -2.30080000e-12,  -3.35220000e-11,  -2.73560000e-02,
          -1.42240000e-02,  -1.85590000e+04]]])
