array([[[  5.32190000e-12,   1.43940000e-10,  -1.38340000e-02,
          -2.52660000e-02,  -2.46150000e+04],
        [  1.26340000e-12,  -2.10770000e-11,  -1.36170000e-02,
          -4.23570000e-02,  -4.20200000e+04],
        [  1.25490000e-12,  -7.61260000e-11,  -1.34020000e-02,
          -8.17920000e-03,  -7.21000000e+03],
        ..., 
        [ -2.80660000e-12,   1.12010000e-10,   1.34020000e-02,
          -2.97100000e-02,  -2.84370000e+04],
        [ -4.16510000e-12,   2.95250000e-10,   1.36170000e-02,
          -4.38230000e-02,  -3.99930000e+04],
        [ -2.82370000e-12,   1.21080000e-10,   1.38340000e-02,
          -8.33270000e-02,  -7.47550000e+04]],

       [[ -2.18860000e-12,   1.16790000e-10,  -1.36340000e-02,
          -6.59930000e-02,  -6.37000000e+04],
        [ -3.54790000e-12,   1.25890000e-10,  -1.34200000e-02,
          -8.15530000e-02,  -7.52370000e+04],
        [ -8.57070000e-13,   4.33480000e-11,  -1.32080000e-02,
          -4.09620000e-02,  -4.03620000e+04],
        ..., 
        [ -7.31930000e-12,   1.95510000e-10,   1.32080000e-02,
          -3.03280000e-02,  -2.75380000e+04],
        [ -7.32980000e-12,   1.95420000e-10,   1.34200000e-02,
          -3.03320000e-02,  -2.75430000e+04],
        [ -7.34040000e-12,   2.50310000e-10,   1.36340000e-02,
          -3.18010000e-02,  -3.33490000e+04]],

       [[  5.94360000e-12,   5.01030000e-11,  -5.14020000e-02,
          -1.32400000e-02,  -1.07290000e+04],
        [  7.29300000e-12,   1.05070000e-10,  -5.07260000e-02,
          -1.07980000e-02,  -1.07260000e+04],
        [  3.24250000e-12,   8.67160000e-11,  -5.00530000e-02,
          -5.49400000e-05,   8.81050000e+02],
        ..., 
        [ -4.50230000e-12,   1.45910000e-10,  -1.86660000e-01,
          -3.86680000e-02,  -3.74890000e+04],
        [ -4.51770000e-12,   2.19080000e-10,  -1.87340000e-01,
          -7.03440000e-02,  -6.06350000e+04],
        [ -3.18310000e-12,   1.73120000e-10,  -1.88020000e-01,
          -4.58690000e-02,  -4.31700000e+04]],

       ..., 
       [[ -3.68310000e-12,   8.52250000e-13,  -5.92840000e-02,
          -7.06800000e-03,  -8.37220000e+03],
        [ -9.82570000e-13,   7.42890000e-11,  -5.94360000e-02,
          -1.10230000e-02,  -8.42320000e+03],
        [ -9.81980000e-13,   1.20230000e-10,  -5.95880000e-02,
           1.57830000e-02,   1.47320000e+04],
        ..., 
        [  8.36410000e-13,  -7.03750000e-11,   2.14940000e-02,
           3.54820000e-02,   3.21530000e+04],
        [  8.29570000e-13,  -6.12620000e-11,   2.15630000e-02,
           2.42930000e-02,   2.05890000e+04],
        [  2.17270000e-12,  -3.38200000e-11,   2.16310000e-02,
           4.19110000e-02,   3.80320000e+04]],

       [[ -3.81480000e-12,   1.32440000e-10,   4.01550000e-03,
           3.99610000e-05,  -2.78710000e+01],
        [ -3.81440000e-12,   1.78340000e-10,   3.95350000e-03,
           4.66340000e-04,  -9.05680000e+01],
        [ -3.81400000e-12,   4.09500000e-11,   3.89190000e-03,
          -1.06020000e-03,  -1.53030000e+02],
        ..., 
        [  5.21640000e-12,  -6.81250000e-11,  -1.64380000e-01,
           3.71870000e-02,   3.38580000e+04],
        [  1.15390000e-12,  -2.21930000e-11,  -1.65070000e-01,
           2.89210000e-02,   2.80900000e+04],
        [  2.49120000e-12,   5.41100000e-12,  -1.65750000e-01,
           1.82140000e-02,   1.65200000e+04]],

       [[ -6.53170000e-13,   1.02330000e-10,  -7.47790000e-02,
          -5.89150000e-03,  -6.88850000e+03],
        [ -6.50240000e-13,   1.39080000e-10,  -7.47860000e-02,
          -1.71340000e-02,  -1.85060000e+04],
        [ -6.47290000e-13,   6.58600000e-11,  -7.47920000e-02,
          -1.37270000e-02,  -1.27190000e+04],
        ..., 
        [  1.28890000e-12,  -1.27530000e-10,  -3.00240000e-02,
           4.30390000e-02,   3.91210000e+04],
        [ -7.01110000e-14,  -1.18370000e-10,  -3.02080000e-02,
           2.49900000e-02,   2.17330000e+04],
        [  3.97070000e-12,   2.82560000e-11,  -3.03940000e-02,
           4.49910000e-03,   4.34520000e+03]]])
