array([[[ -4.48220000e-04,  -4.79890000e-11,   1.41130000e-02,
           2.48440000e-02,   3.76000000e-02],
        [  6.76390000e-04,  -1.39520000e-10,   1.41110000e-02,
           2.53180000e-02,   3.75800000e-02],
        [  3.01030000e-04,  -1.48570000e-10,  -1.51480000e-03,
           8.21450000e-03,   6.31110000e-03],
        ..., 
        [  7.07970000e-04,  -8.11950000e-11,  -3.27070000e-03,
          -4.52080000e-03,  -1.17030000e-02],
        [ -4.17690000e-04,   6.52280000e-11,  -3.27840000e-03,
          -2.51740000e-03,   3.99070000e-03],
        [ -7.93370000e-04,  -1.73250000e-10,  -3.28610000e-03,
           3.88070000e-03,   4.06010000e-03]],

       [[ -6.32820000e-04,  -9.69130000e-11,  -7.52280000e-04,
           8.56700000e-03,   1.14910000e-02],
        [ -1.00700000e-03,  -1.15290000e-10,  -7.57460000e-04,
          -1.16190000e-03,  -4.08260000e-03],
        [ -1.00620000e-03,   2.21340000e-11,  -7.62630000e-04,
          -1.77270000e-02,  -1.96570000e-02],
        ..., 
        [ -2.81530000e-04,  -2.41770000e-10,  -3.06400000e-03,
          -1.00030000e-02,  -1.87430000e-02],
        [  9.24630000e-05,   7.88120000e-11,  -3.06950000e-03,
          -1.29280000e-02,  -1.87360000e-02],
        [ -1.03350000e-03,   5.32610000e-12,  -3.07500000e-03,
           2.60290000e-04,  -3.10360000e-03]],

       [[  7.99550000e-04,  -8.28980000e-12,  -1.29450000e-03,
          -1.32190000e-02,  -1.36090000e-02],
        [  1.17450000e-03,   9.89480000e-13,  -1.29830000e-03,
          -1.37130000e-02,  -1.36150000e-02],
        [  1.54940000e-03,  -5.38810000e-11,  -1.30210000e-03,
          -8.83520000e-03,  -1.36200000e-02],
        ..., 
        [ -9.60820000e-05,  -1.23570000e-10,   1.34480000e-02,
           1.62000000e-02,   2.24400000e-02],
        [ -9.55270000e-05,  -1.23780000e-10,   1.34450000e-02,
           1.62540000e-02,   2.25140000e-02],
        [  2.80020000e-04,   5.01370000e-11,  -2.18290000e-03,
           1.94370000e-04,   6.96360000e-03]],

       ..., 
       [[  3.05170000e-03,  -1.07410000e-11,   1.53320000e-02,
           8.84900000e-03,   1.09380000e-02],
        [  1.92510000e-03,  -8.41240000e-11,  -3.03020000e-04,
           1.76600000e-02,   2.65920000e-02],
        [  7.98520000e-04,   2.57790000e-11,  -3.12990000e-04,
           1.71940000e-02,   2.66210000e-02],
        ..., 
        [ -7.81500000e-04,   1.32640000e-10,   1.47290000e-02,
          -2.33850000e-02,  -2.78650000e-02],
        [ -7.81160000e-04,   4.99470000e-11,  -9.01740000e-04,
          -8.71450000e-03,  -1.22080000e-02],
        [ -4.05840000e-04,   2.22390000e-11,   1.47170000e-02,
           1.08390000e-02,   1.90740000e-02]],

       [[  8.42370000e-04,   3.53960000e-11,   4.51260000e-04,
           8.70570000e-03,   1.55440000e-02],
        [ -6.57770000e-04,   9.03120000e-11,   4.36870000e-04,
           2.04340000e-02,   3.11830000e-02],
        [ -6.57930000e-04,  -1.11370000e-10,   4.22560000e-04,
           2.37670000e-03,  -5.26950000e-05],
        ..., 
        [ -1.08970000e-03,  -1.46790000e-11,  -7.00400000e-04,
          -1.37290000e-02,  -2.31320000e-02],
        [ -1.09080000e-03,  -9.72560000e-11,  -7.03690000e-04,
           1.16960000e-02,   8.16580000e-03],
        [ -7.16810000e-04,   1.04260000e-10,  -7.07030000e-04,
           1.17300000e-02,   8.21420000e-03]],

       [[  2.44150000e-04,  -7.33600000e-11,  -8.55280000e-04,
           7.19750000e-03,   1.31110000e-02],
        [ -1.32950000e-04,  -7.33740000e-11,  -8.60190000e-04,
           1.20840000e-02,   1.31170000e-02],
        [ -1.35050000e-04,   1.09900000e-10,  -8.65050000e-04,
           8.18190000e-03,   1.31230000e-02],
        ..., 
        [  1.24040000e-04,  -4.22150000e-11,  -1.50300000e-03,
           2.04650000e-02,   3.39980000e-02],
        [ -2.49230000e-04,  -5.16850000e-11,  -1.51470000e-03,
           6.34030000e-03,   2.79760000e-03],
        [ -2.47520000e-04,  -5.19920000e-11,  -1.52650000e-03,
           6.37570000e-03,   2.84680000e-03]]])
