array([[[  2.80000000e-04,  -1.31050000e-10,   1.28800000e-02,
           1.37880000e-03,   1.09020000e-03],
        [  1.02960000e-03,  -7.58190000e-11,  -2.76740000e-03,
           2.04290000e-02,   1.67210000e-02],
        [  1.02910000e-03,  -7.55780000e-11,  -2.79020000e-03,
           1.84840000e-02,   1.67270000e-02],
        ..., 
        [ -1.80620000e-03,  -1.74360000e-12,   5.02780000e-03,
           4.42590000e-03,   3.76450000e-03],
        [ -1.79770000e-03,  -1.71660000e-12,   5.01760000e-03,
           4.44070000e-03,   3.78340000e-03],
        [ -6.64150000e-04,   1.90760000e-10,   5.00730000e-03,
           5.92040000e-03,   3.80240000e-03]],

       [[  1.68690000e-03,  -7.34720000e-11,   6.94480000e-03,
           2.35590000e-02,   3.33450000e-02],
        [  2.43670000e-03,  -2.74940000e-11,   6.91740000e-03,
           2.06280000e-02,   1.77210000e-02],
        [  3.18640000e-03,   5.51400000e-11,  -9.22220000e-04,
           1.57440000e-02,   1.77210000e-02],
        ..., 
        [ -3.08000000e-04,   7.54740000e-11,   8.67460000e-04,
          -2.79980000e-03,  -2.06070000e-03],
        [ -1.04650000e-03,  -3.42840000e-11,  -1.47970000e-02,
          -2.67190000e-02,  -3.33040000e-02],
        [ -1.03500000e-03,  -3.40710000e-11,  -1.48360000e-02,
          -2.67120000e-02,  -3.32980000e-02]],

       [[  6.40770000e-04,   1.55390000e-10,   1.00940000e-03,
           1.24060000e-02,   2.10120000e-02],
        [  6.44570000e-04,   1.00550000e-10,   1.66020000e-02,
           6.53020000e-03,   5.36690000e-03],
        [  2.73350000e-04,   8.23600000e-11,   9.45770000e-04,
           1.13960000e-02,   5.34690000e-03],
        ..., 
        [ -1.48350000e-03,   1.87790000e-10,   5.90390000e-03,
          -7.23710000e-03,  -1.55300000e-02],
        [ -1.47650000e-03,   1.87930000e-10,   5.89540000e-03,
          -7.21810000e-03,  -1.55080000e-02],
        [ -7.19460000e-04,   2.98050000e-10,   5.88700000e-03,
           6.96090000e-03,   1.57650000e-02]],

       ..., 
       [[ -3.02790000e-03,   1.02870000e-10,   5.08970000e-03,
          -3.18470000e-03,  -2.12130000e-03],
        [ -3.40690000e-03,   8.47400000e-11,   5.07770000e-03,
           3.12370000e-03,  -2.17230000e-03],
        [ -3.03590000e-03,   1.94910000e-10,  -1.05590000e-02,
           2.10830000e-03,  -2.22290000e-03],
        ..., 
        [  1.30000000e-03,  -1.56100000e-10,   4.14510000e-03,
           2.30960000e-04,  -2.13350000e-03],
        [  5.56860000e-04,  -1.01100000e-10,   4.16740000e-03,
          -1.64700000e-02,  -1.78670000e-02],
        [  5.63700000e-04,  -1.01090000e-10,   4.18980000e-03,
          -1.65710000e-02,  -1.79750000e-02]],

       [[ -1.05320000e-03,   2.71060000e-11,   1.05320000e-02,
          -9.52650000e-04,  -3.30820000e-03],
        [ -1.05560000e-03,   1.81110000e-11,   1.05140000e-02,
          -5.89060000e-03,  -3.36950000e-03],
        [ -1.80800000e-03,  -5.50350000e-11,  -5.12930000e-03,
          -9.85160000e-03,  -3.43050000e-03],
        ..., 
        [  5.14800000e-05,  -1.60390000e-10,   4.35700000e-03,
          -1.77100000e-03,  -3.95250000e-03],
        [  8.07040000e-04,   5.05320000e-11,   4.37240000e-03,
           6.44500000e-03,   1.15710000e-02],
        [  8.12630000e-04,   5.06730000e-11,   4.38780000e-03,
           6.35990000e-03,   1.14700000e-02]],

       [[  1.54750000e-04,   2.19580000e-10,  -7.10430000e-03,
          -1.14650000e-02,  -1.81460000e-02],
        [ -1.72400000e-03,   1.46270000e-10,  -7.11030000e-03,
          -6.60370000e-03,  -2.53940000e-03],
        [ -1.72780000e-03,   6.37930000e-11,  -7.11640000e-03,
           6.98890000e-04,  -2.55760000e-03],
        ..., 
        [ -2.16690000e-03,  -9.45980000e-11,   2.84740000e-03,
          -2.38160000e-02,  -3.30880000e-02],
        [ -2.16020000e-03,  -1.17350000e-11,   2.85200000e-03,
          -1.17290000e-02,  -1.76050000e-02],
        [ -2.15350000e-03,  -1.13500000e-11,   2.85660000e-03,
          -1.18500000e-02,  -1.77480000e-02]]])
